2 11 12 6 10 9 7 353 221 916 394 160 669 514 377 685 658 342 489 187 644 288 87 943 944 235 813 66 925 708 888 504 454 853 195 449 596 412 303 686 903 766 85 40 992 530 42 243 549 166 794 984 300 803 947 231 603 729 275 533 369 997 219 439 726 107 361 153 660 399 868 194 146 75 225 911 62 582 776 467 735 282 485 95 577 390 571 425 96 630 875 834 835 622 117 139 175 818 363 355 466 635 699 842 807 605 953 806 317 719
2 11 12 13 6 5 8 67 399 646 760 93 95 747 71 819 259 658 448 420 790 105 366 290 393 528 934 225 573 322 199 562 238 415 909 679 324 432 109 280 211 594 540 898 471 725 409 114 52 303 652 103 511 922 320 285 1004 189 814 525 981 405 568 787 763 406 623 368 977 578 163 430 552 803 534 165 538 687 872 926 131 659 536 621 159 155 167
2 8 11 4 7 6 13 573 43 477 326 581 260 602 816 574 462 318 740 214 883 258 618 758 698 521 298 733 39 986 895 59 882 144 146 555 684 879 878 677 960 693 746 215 682 548 121 339 170 451 963 584 813 910 530 157 889 783 48 717 313 664 220 221 751 619 191 854 232 663 621 805 516 442 1003 327 176 982 712 593 299 377 945 989 217 554 754 375 250 501 768 750 383 546 779 820 738 691 125 949 199 938 632 98
2 10 12 7 6 8 11 230 93 291 136 107 884 564 110 934 888 874 305 657 914 213 772 270 739 967 358 991 184 235 933 373 375 620 142 102 953 670 204 432 755 171 198 388 306 665 433 58 938 790 407 643 867 325 723 536 777 513 120 254 943 942 517 913 301 759 477 797 939 695 346 57 516 385 447 105 182 758 890 751 174 233 569 181 958 952 219 720 644 133 193 816 420 261 18 628 24 850 834 651 956 539 273 685 452 500 872 1003 960 660 318 231 414 116 927 718 627 80 86 469 275 401 298 115 857 330 412 371 75 990 43 633 157 35 893 554 607 383 33 199 781 55 883 600 248 801 283 988 277 987 458
2 7 5 13 11 12 6 569 385 666 234 849 554 523 856 626 729 349 392 753 991 423 63 912 28 512 980 681 176 248 792 209 667 976 603 797 314 224 146 690 696 869 539 583 162 455 1003 462 710 677 397 579 443 287 478 225 155 947 952 214 745 984 809 384 390 574 997 772 330 903 875 440 210 674 891 276 369 379 164 728 837 431 481 310 796 895 509 526 231 568 451 206 205 944 778 810 720 913 541 130 79 256 410 508 494 550 822 790 461 534 885 238 872 175 538 953 171 47 57 793 286 470 716 467 338 981 358 993 40 564 640 902 413 498 428 724 404
2 10 7 11 9 8 5 625 423 817 235 319 802 390 347 812 44 874 348 757 674 931 958 655 160 327 311 416 870 518 905 391 558 831 861 782 891 210 917 220 923 434 498 975 624 369 19 635 687 516 358 139 525 973 714 467 217 153 849 584 672 928 821 364 967 473 765 842 179 890 915 914 961 485 129 902 864 682 464 81 542 800 270 469 360 286 461 985 209 176 396 844 152 149 180 769 340 789 605 405 980 766 103 837 90 95 894 59 739 571 279 790 779
2 9 4 7 11 5 8 608 56 418 78 19 477 381 546 194 849 252 635 765 875 507 548 1003 742 884 309 246 503 54 900 952 44 633 29 489 361 85 88 165 801 805 101 669 588 175 238 167 233 594 372 931 763 468 677 743 270 471 792 544 365 417 58 741 568 395 84 67 943 213 410 963 346 457 705 550 703 169 934 508 345 886 162 822 949 591 938 605 903 288 752 368 299 962 38 69 139 203 558
2 11 7 4 10 5 13 583 16 537 880 437 522 544 396 417 52 57 586 252 205 35 921 95 181 563 595 618 50 455 722 495 374 790 779 448 203 972 566 830 766 681 667 269 576 236 385 429 40 45 342 506 765 289 148 175 96 642 588 176 726 410 665 208 458 599 355 879 709 387 444 369 788 116 957 133 663 505 81 864 953 130 917 776 852 21 682 343 931 218 520 292 932 930 474 609 482 62 848 447 100 763 934 761 575 184
2 4 10 7 11 13 12 604 490 129 422 286 341 707 575 633 860 749 699 208 896 16 435 256 727 416 967 542 617 614 822 795 696 539 668 816 248 721 820 739 212 789 995 141 662 173 891 643 651 298 897 777 792 440 391 390 474 301 974 551 470 728 231 560 394 957 735 457 33 302 367 195 601 24 373 841 962 326 808 455 509 833 467 496 785 565 751 821 528 676 230 417 698 882 876 237 531 594 177 433 681 120 109 537 494 155 646 437 270 865 76 737 536 726 677 253 179 484 652 401 862 442 170 828 58 852 357 295 661 209 340 318 895 290 717 145 982 472 766 218 624 616 296 993 636 706 36
2 5 6 7 12 13 11 48 239 44 812 780 519 414 690 133 675 949 700 624 375 496 848 195 985 180 755 748 176 364 253 381 311 839 60 416 299 547 109 686 503 588 98 555 437 171 536 407 695 627 476 499 333 346 693 875 365 703 317 639 715 173 97 997 428 664 607 405 585 788 727 213 263 292 508 717 214 782 628 66 259 190 586 719 712 814 657 141 671 309 70 467 501 399 152 290 773 114 67 881 934 873 768 629 802 455 194 329 841 102 380
2 13 11 10 8 7 4 823 932 245 819 20 267 529 818 917 966 418 221 269 673 322 57 528 756 279 710 893 908 561 79 698 603 782 591 229 242 504 532 477 152 584 364 906 369 520 501 985 472 462 142 438 514 444 17 266 473 191 793 969 171 919 721 347 316 967 343 931 887 506 285 970 571 574 21 459 839 457 82 631 250 167 263 772 530 554 749 145 60 944 352
2 4 8 5 10 13 12 410 124 112 398 297 817 981 118 366 545 283 153 53 552 695 664 606 68 493 800 825 375 971 887 485 468 109 388 89 657 511 83 771 628 259 841 648 933 341 97 315 33 497 173 520 788 670 535 1004 318 625 985 404 249 486 816 744 376 518 170 785 214 25 915 568 447 849 28 536 714 733 604 516 239
2 6 8 11 7 12 9 154 237 476 70 813 128 74 587 119 614 326 454 649 471 986 243 577 123 852 309 60 15 761 436 433 97 449 815 661 713 466 465 745 709 564 420 989 708 93 837 877 755 245 400 62 37 705 964 718 361 324 802 677 175 56 840 870 727 180 505 403 814 892 526 648 910 440 619 408 508 897 494 810 378 827 230 127 411 590 305 560 924 304 426 579 89 238 771 38 689 859 482 514 483 327 157 597 27 373 50 741 774 855 231 576 187 320 111 726 975 657 206 934
2 7 13 4 10 5 11 817 753 822 53 950 330 519 718 361 263 825 126 245 248 52 598 704 268 312 845 882 385 874 329 337 111 281 760 192 795 300 984 662 80 767 552 837 145 16 316 352 124 369 229 376 905 983 294 820 902 551 367 636 494 628 375 967 501 891 951 788 971 850 876 484 614 649 481 784 402 785 76 247 770 490 110 979 775 497 107 50 29 130 572 911 318 856 18 587 801 253 339 390 632 702 397 780 411 866 907 527 127 413 585 342 421 174 43 62 250 31 929 786 806 763 799 117 368
2 7 5 4 13 6 12 414 885 758 841 96 648 46 629 965 748 722 36 132 81 814 847 745 321 656 739 108 706 988 471 695 585 591 642 445 335 283 150 628 175 343 540 572 736 893 556 553 563 99 345 38 14 82 197 107 294 916 613 68 391 719 468 450 639 588 285 439 871 846 300 157 914 296 238 137 759 87 603 744 486 410 18 998 813 544 806 969 539 76 650 751 570 330 776 957 647 733 805 870 50 772 485 409 980 118 340 327 970 512
2 6 13 9 5 11 12 294 946 141 901 848 645 635 858 203 608 395 303 790 538 462 302 106 771 243 762 262 151 690 500 172 601 688 46 502 382 271 811 244 520 657 277 681 802 874 379 902 836 474 42 829 229 926 791 435 35 456 355 489 398 119 127 715 581 797 680 518 578 752 238 416 989 670 480 677 863 922 67 47 985 939 661 919 168 92 606 139 219 696 851 553 908 175 318 409 732 854 638 660 144 392 108 907 633 876 301 190 782 16 21 861 666 245 546 724 714 426 311 755 934 336 31 377 260 427 819 573 248 388 111 230 350 234 860 363 628 218
2 12 10 11 6 7 8 943 32 817 670 422 287 37 165 885 367 418 328 432 95 306 712 52 701 343 203 904 268 659 979 221 812 757 99 113 323 804 308 751 989 570 167 445 549 772 679 972 931 133 326 226 146 372 729 684 76 398 256 723 647 156 270 100 766 537 47 976 184 953 898 405 70 357 930 34 449 144 906 131 833 477 476 540 478 217 947 861 593 611 338 110 59 521 691 806 437 781 821 441 15 527 296 744 762 241 492 1003 848 33 139 148 373 601 631 533 758 201 602 53 555 483 21 292 779 667 977
2 5 13 11 8 9 10 521 516 899 199 336 186 808 72 512 983 722 869 977 859 112 597 253 216 955 177 725 446 551 178 93 265 541 764 999 58 564 667 122 640 419 194 442 68 543 451 571 383 206 243 628 737 533 974 118 387 535 704 526 594 622 605 619 528 486 769 902 301 84 933 40 776 821 536 496 855 648 833 18 285 375 596 868 608 447 21 805 458 242 816 485 794 445 680 525 736 926 229 796 124 397
2 10 6 11 4 5 8 205 340 991 983 53 117 375 531 636 405 326 348 430 50 539 877 174 844 471 642 510 431 591 256 142 963 57 557 534 603 108 841 755 898 979 99 308 297 384 864 568 892 234 928 199 992 866 796 848 319 144 262 978 601 962 22 383 495 270 637 812 566 989 104 555 233 82 137 996 474 278 520 582 190 901 172 1004 694 916 737 745 135 944 140 346 971 460 683 627 713 999
2 13 10 11 5 12 7 716 658 177 662 577 441 314 525 302 126 991 102 133 653 327 911 435 848 761 128 601 855 266 154 382 442 795 771 701 17 958 721 77 454 450 824 717 924 719 376 287 75 127 847 457 237 645 935 426 917 22 134 621 531 105 696 204 228 118 437 972 150 194 276 624 113 170 877 148 259 74 412 808 544 690 618 828 675 644 173 466 360 409 272 497 971 959 187 840
2 13 4 9 6 10 11 565 906 247 797 171 731 872 815 175 807 377 475 536 825 410 141 647 126 593 534 20 462 615 64 234 829 501 619 329 698 862 883 638 136 232 484 773 301 414 970 225 396 726 908 950 921 264 814 49 93 268 72 63 777 361 666 174 822 661 673 701 407 693 190 326 37 327 324 19 483 551 148 791 704 212 769 759 185 873 179 835 859 718 739 761 35 768 76 82 992 527 364 855 683 525 550 804 795 504 977 485 914 269 588 69 1004 695 433 160
2 13 5 4 11 6 7 129 490 378 528 938 734 666 839 622 14 479 379 782 485 144 886 639 382 908 770 621 181 148 610 828 535 100 625 304 82 451 656 805 248 714 233 715 742 22 707 860 784 897 688 967 442 119 34 452 353 440 827 540 219 487 588 615 599 721 722 931 420 406 333 373 524 383 778 606 311 865 361 646 493 934 633 814 684 618 659 300 374 57 652 842 167 645 562 272 84 175 312 813 872 138 71 492 286 737 365 176 210 783 241 994 394 764 450 858 213 25 894 558 798 890 329 775 685 95 200 108 648 107 990 206 935 961 866
2 12 10 4 9 13 5 549 992 352 584 266 980 145 72 870 363 340 944 510 62 519 361 717 385 738 567 761 441 24 392 964 623 119 308 890 852 235 198 487 529 164 213 982 524 639 652 241 319 706 501 889 349 532 114 465 884 359 691 945 746 791 208 438 563 908 206 251 180 69 658 915 483 546 264 776 826 309 913 951 345 328 83 287 895 959 974 274 140 231 938 737 678 828 990 804 892 159
2 8 6 12 11 7 4 628 219 758 581 499 377 762 464 820 176 800 396 502 965 992 674 642 194 290 128 482 909 480 260 253 34 424 776 157 229 29 254 999 823 772 690 411 579 512 309 503 331 589 127 635 453 916 1002 585 298 181 45 474 63 374 113 996 410 989 580 933 491 561 369 660 123 950 150 617 327 60 568 747 731 795 801 467 717 431 473 659 946 216 183 372 90 629 30 94 955 55 24 304 901 979 520 106 273 888 737 760 668 442 425 490 140 812 806 451 105 538 647 371 789 926 524 293 646 511 28 590 493 938 70 256 97
2 13 9 5 11 12 8 699 203 690 92 173 924 833 1001 397 132 287 163 984 903 187 133 709 619 712 146 530 697 264 119 977 489 193 186 908 825 592 504 966 576 653 551 150 414 400 63 78 293 775 866 241 505 269 170 17 498 413 167 218 790 555 341 751 47 890 38 822 90 520 178 434 719 225 323 231 914 238 935 926 39 387 147 867 706 805 523 951 876 688 741 374 762 549 812 923 114 661 200 29
2 4 13 10 11 5 8 313 365 624 897 894 555 829 204 91 87 656 852 422 627 232 603 663 877 31 252 531 306 337 830 566 107 562 541 801 100 249 387 810 18 52 362 618 297 910 35 250 96 728 848 984 447 311 721 500 963 343 552 384 41 540 265 679 378 407 519 532 326 238 386 710 122 799 777 441 958 432 596 417 938 866 720 406 845 903 340 865 623 162 222 450 405 145 78 183 317 197 229 914 667 506 867 962 537 814 131
2 4 10 6 12 7 9 452 918 936 194 414 592 987 648 251 241 953 712 248 559 137 215 939 279 570 935 70 764 789 742 55 61 64 398 940 861 698 694 693 286 384 458 832 210 361 731 875 942 912 393 527 725 262 678 485 584 105 352 703 621 253 847 877 113 522 27 229 321 374 244 329 856 148 564 513 369 181 757 523 54 827 412 466 444 914 47 42 670 816 835 562 93 239 743 872 573 192 173 663 121 183 66 80 308 985 631 578 508 30 283 349 983 19 897 902 878 586 446 988 304 700 758 822 707 865 123 960 977 282 803 29 371 704 656 496 906 266 471
2 6 13 4 9 5 10 220 17 520 729 870 30 748 912 542 638 922 313 275 445 265 819 446 1002 64 355 386 996 939 429 811 763 144 324 789 394 389 836 780 20 506 456 932 851 848 219 228 762 665 804 874 759 415 104 420 194 69 142 566 550 18 454 894 118 297 262 905 624 274 442 48 590 990 147 380 854 888 225 137 322 832 15 28 72 101 741 57 649 473 159 388 707 978 792 358 878 670 292 630 795 529 501 303 242 519 623 799 790 33 627 532 567 234 703 528 549 579 269
2 9 8 6 7 5 12 993 630 341 108 809 709 19 578 763 603 18 368 416 457 238 708 735 274 428 647 965 71 916 156 408 870 181 854 796 472 391 642 867 988 534 320 635 45 152 66 388 266 751 513 291 690 345 516 532 811 718 843 212 950 622 326 386 143 538 964 834 63 383 672 769 581 310 86 131 764 830 958 895 47 204 32 974 942 533 544 173 573 869 783 375 172 594 503 475 522 566 919
2 8 12 10 11 7 5 69 29 778 585 288 793 904 56 40 478 355 141 732 979 106 62 729 417 50 165 414 690 301 718 424 371 864 584 942 333 627 852 985 674 131 579 755 53 289 464 412 750 329 476 596 562 818 847 103 298 43 929 428 582 367 521 126 887 694 645 97 348 530 987 831 375 38 96 388 343 616 27 721 16 655 556 74 439 82 883 588 923 167 761 197 334 631 129 998 284 73 683 876 387 205 359 606 317 691 368 771 622 534 372 653 25 647 989 577 572 757 81 687 623 119 880 526 937 850 460 346 76 239 808 820 244
2 11 9 12 7 4 5 555 474 665 287 563 756 930 573 874 442 489 834 686 468 306 78 847 317 53 255 382 152 209 505 907 118 20 171 953 372 487 160 347 857 117 916 742 902 146 238 27 528 410 129 982 694 179 328 964 470 24 79 353 832 421 496 244 821 360 257 402 230 973 85 16 63 858 654 192 610 854 864 340 363 782 133 701 994 976 298 39 559 815 250 859 585 283 229 861 384 137 208 745 699 202 47 293 404 871 37 391 816 337 69 927 781 977 846 801 903 377 818 621 584 288 123
2 9 11 8 6 10 7 763 898 504 267 536 196 544 179 649 712 577 970 153 480 848 93 342 111 378 464 250 823 1001 560 935 350 760 436 716 439 282 809 638 801 731 265 188 904 281 146 14 518 713 413 956 180 459 388 221 701 260 214 183 652 491 991 604 820 869 680 1002 51 372 892 99 455 37 485 692 631 44 580 238 124 66 176 494 559 837 948 901 993 1000 535 916 143 294 126 754 929 242 532 678 70 384 600 910 341 39 73 86 247 635 825 36 634 883 110 531 423 724 104 919 434 451 409 382 133 838 533 800 748 371 345 458 803 255 891
2 5 4 7 9 8 13 612 280 260 265 894 773 88 605 803 584 318 539 443 134 291 145 116 634 888 654 991 646 15 709 290 385 41 986 28 824 148 846 22 172 466 850 655 268 817 598 416 899 729 445 303 707 889 796 42 279 590 779 527 56 869 951 725 436 365 186 471 233 194 573 161 308 199 325 532 976 90 187 65 815 921 98 614 892 724 170 742 984 25 932 597 361 198 17 550 18 48 339 314 272 662 206 629 676 16 126
2 13 11 7 5 10 4 909 89 643 85 310 510 388 465 492 47 834 524 303 827 649 732 854 381 792 382 794 162 456 931 227 675 17 936 933 286 695 422 49 718 813 305 24 293 669 719 174 122 26 21 108 57 69 561 724 903 187 399 72 743 299 830 425 902 944 741 866 421 71 668 506 826 116 397 910 644 44 281 1002 265 359 974 333 348 992 768 200 957 325 112 647 508 91 272 258 965 942 886 793 144 495 337 14 156 673 520 212 596 800 651 241 290 532 689 224 764 354 608 916 30 77 150 874 801 484 825 417 577 401 976 856 120 657 817 742 232
2 10 5 8 13 4 11 205 347 191 359 899 521 548 979 97 87 262 112 658 453 993 846 590 627 400 390 336 654 250 228 438 665 111 342 426 147 914 440 611 680 176 292 283 330 586 780 974 977 463 389 68 673 57 49 934 27 484 316 513 693 631 37 935 394 410 33 443 811 685 520 392 300 267 183 156 646 524 766 939 932 948 94 184 42 559 122 17 695 280 503 296 223 633 338 571 936 918 1001 108 131 305 286 676 242 182 867 964 445 424 435 102 144 736 860 826 952 620 546 215 282 371 973 740 522 193 828 721 561 775 506 560 14 812 947 785
2 8 12 7 11 9 5 348 270 433 659 648 559 585 418 219 761 52 246 940 564 286 902 823 730 950 241 712 71 292 76 654 587 799 337 85 641 698 190 62 156 242 822 540 471 504 807 326 809 749 452 1003 526 98 129 375 182 88 849 643 91 25 92 745 196 406 980 859 705 601 543 750 741 56 334 689 905 875 488 830 680 677 795 176 198 458 479 555 21 925 948 683 703 18 162 343 763 360 480 208 672 161 721 995 926 279 583 475 20 640 42 615 486 238 572 755 37 284 871 376 682 96 311 264 756 501 917 169 914 34 491 274 632 531 933 48
2 5 12 4 11 7 10 275 370 160 59 961 458 465 235 849 279 998 875 586 528 806 103 652 594 700 741 981 333 167 124 830 106 341 999 168 778 480 512 374 616 488 603 653 626 291 930 210 675 119 893 145 631 965 506 550 774 524 749 366 151 212 880 280 809 546 934 879 402 305 931 154 262 453 434 946 937 50 932 357 787 867 54 361 959 693 600 230 258 463 650 601 665 721 979 77 742 497 181 380 417 964 378 360 413 567 661 252 599 414 913 572 986
2 6 7 9 12 5 4 60 641 56 632 845 604 833 560 58 354 33 67 22 624 879 967 754 801 654 994 457 81 109 544 83 316 636 332 155 399 159 143 117 921 997 824 836 941 989 563 64 36 735 612 606 340 809 690 626 48 286 68 152 932 570 272 757 421 781 662 744 689 262 518 408 882 433 526 401 828 478 745 952 303 75 585 335
2 7 13 11 4 8 6 846 784 771 822 419 554 740 107 50 404 186 507 247 673 886 639 583 609 628 307 955 341 473 688 942 768 655 130 38 823 371 254 370 728 985 934 444 398 544 443 566 198 214 959 30 517 292 695 873 825 720 876 483 552 290 990 156 1003 788 865 722 137 745 885 678 102 389 365 672 838 612 374 659 275 454 986 152 496 48 605 989 255 417 502 393 474 262 487 324 386 969 129 504 259 633 497 97 85 193
2 7 8 5 4 13 9 637 32 160 768 837 402 57 1004 387 683 928 915 669 206 543 679 514 47 946 770 674 711 224 779 188 296 293 968 335 331 429 811 856 772 508 807 317 34 817 611 133 383 981 846 228 93 805 506 566 101 812 309 723 270 919 23 476 394 445
2 10 5 12 6 8 13 406 347 365 353 574 650 147 962 492 912 258 204 352 552 65 435 958 793 575 796 268 996 592 320 445 565 841 87 477 549 68 625 723 265 168 674 582 290 642 62 694 515 878 877 149 368 216 751 395 927 887 473
2 7 5 9 13 12 8 146 277 896 995 329 390 874 30 841 310 710 226 193 746 991 227 532 846 270 24 992 181 614 335 776 424 516 422 500 45 95 366 50 32 701 929 237 325 415 937 258 35 766 200 813 135 473 208 658 67 702 18 583 960 69 142 242 749 538 196 447 198 197 777 623 278 389 672 282 54 795 229 551 931 645 574 612 718 284 781 772 122 486 272 970 624 699 773 657 228 760 977 754 709 839 594 117 823 238 656 770 413 158 161 545 666 650 243 515 289 157 317 655 890 440 802 706 478 665 433 685 906 423 910 539 875 495 126 613 680 452 465 930 728 16 900 783
2 10 8 12 5 11 4 360 878 977 939 20 986 962 922 432 932 689 957 917 814 509 277 666 138 414 623 361 982 850 29 655 168 667 353 372 467 855 499 333 769 885 387 512 300 325 299 521 166 180 506 516 777 439 739 744 86 572 417 765 631 294 137 109 275 781 436 766 173 442 384 574 215 259 34 262 503 682 483 779 80 820 190 221 144 104 73 956 543 897 128 680 183 28 200 947 356 383 472 115 71 954 846 905 162 953 861 165 487 112 210 471
2 5 11 12 8 10 4 922 953 356 791 903 876 532 977 243 669 454 253 565 658 931 840 533 224 675 347 870 831 719 699 906 783 839 978 881 734 943 633 581 226 396 599 112 167 513 486 199 660 986 142 403 937 395 327 230 988 478 914 520 543 787 846 190 352 262 663 204 867 14 63 302 863 65 289 322 490 794 231 390 263 149 83 366 420 751 784 724 102 146 816 799 557 793 991 738 868 446 144 125 437 285 539 462 638 312
2 12 8 4 13 6 5 969 452 619 83 437 346 938 571 574 435 544 504 402 604 458 118 316 710 872 827 589 36 890 56 431 590 981 273 568 182 743 761 451 972 284 313 66 400 654 493 206 360 805 944 559 908 87 963 900 424 100 300 33 641 798 841 845 187 21 275 979 802 26 935 212 618 290 578 844 926 840 547 359 997 825 806 990 904 986 998 621 603 634 630 252 679 811
2 9 5 7 11 10 6 130 893 968 41 885 923 125 526 443 202 338 678 226 583 342 177 795 27 180 839 390 290 481 199 301 622 542 537 501 464 389 363 577 938 291 729 343 671 175 784 624 313 595 85 462 35 200 17 870 205 271 445 258 502 339 936 820 20 898 743 419 168 429 353 340 329 463 959 155 516 460 499 434 587 154 728 219 523 670 320 662 813 698 252 616 656 495 204 152 975 26 762 132 93 82 744 381 756 432 22 515 797 158 569 127 572 972 58 208 46 780 754 838 248 689 783 247 880
2 11 8 6 5 9 10 674 551 312 772 294 794 397 29 998 23 527 918 445 237 409 610 900 985 273 890 128 897 67 952 70 183 515 614 882 468 517 994 531 554 701 655 39 211 179 763 194 582 810 222 471 252 426 346 807 501 903 747 464 365 562 65 505 390 141 123 418 640 538 235 322 978 673 977 200 932 530 430 775 859 784 343 782 54 768 452 574 745 805 437 362 291 477 656 101 765 425 895 970 736 261 309 340 215 769 58 205 408 940 459 858 770 234 404 749 444 137 612 399 1003 220 541 282 953 415 295 613 163 1000 149 974 154 341 995 664 170 64 197
2 7 13 4 11 9 8 426 682 229 517 862 967 608 109 74 26 595 287 816 871 187 34 720 116 94 685 526 850 431 193 860 382 591 214 606 282 864 779 859 235 121 585 428 854 802 753 711 59 704 758 994 901 1001 212 373 281 668 964 626 181 239 881 944 934 949 69 814 993 301 997 201 166 821 776 246 194 762 299 271 441 334 769 351 307 803 129 183 715 200 727 490 686 846 656 621 897 797 921 409 480 88 589 600 611 225 141 267 651 406 713 191 231 408 125 925 297 694
2 11 10 7 4 6 13 331 194 923 398 899 343 22 763 208 947 324 637 133 396 659 418 287 878 224 393 699 990 590 797 921 846 278 820 328 653 126 616 454 941 246 152 920 192 720 198 40 629 798 239 28 279 996 978 531 577 1003 339 218 819 972 814 267 356 670 730 916 59 158 848 627 128 107 259 384 799 896 948 518 639 160 411 262 75 112 492 19 494 967 647 33 791 587 805 472 103 243 902 683 48 534 522 470 788 635 47
2 5 12 7 8 6 11 145 265 689 868 950 147 595 717 443 174 782 887 429 284 579 920 827 463 18 238 412 163 899 82 86 805 507 601 932 247 324 871 711 89 33 491 164 648 825 707 418 67 233 445 45 177 530 798 568 560 951 281 274 874 978 520 156 976 636 15 538 120 426 287 470 270 266 433 310 80 814 435 237 890 229 791 793 333 228 260 778 182 462 532 537 657 481 30 704 77 478 220 360 634 70 293 44 712 573 68 234 542 967 721 732 277 38 993 581 278 797 981 63 762 622 903
2 4 13 5 11 6 8 924 238 939 344 496 1003 866 982 923 740 87 894 183 859 807 901 888 181 884 389 980 69 872 577 59 324 401 809 214 412 35 633 569 738 306 890 826 364 719 590 589 600 684 612 764 280 472 366 487 946 699 237 282 443 839 832 114 176 932 294 427 127 286 642 678 539 913 474 728 503 139 815 67 429 104 806 105 963 876 657 252 721 345 150 542 307 241 73 754 471 789 310 275 525 353 662 519 907 528 300 77 617 82 676 964
2 12 4 8 9 5 6 944 986 371 348 557 248 918 198 722 566 420 329 159 621 101 205 345 934 212 994 439 74 506 152 90 24 942 852 193 829 771 982 241 553 738 867 429 474 697 810 305 763 154 913 961 322 258 107 460 336 927 772 529 369 847 52 670 419 229 444 457 892 51 929 916 80 622 454 368 654 720 785 253 213 456 996 239 989 184 688 57 923 19 411
2 9 13 12 11 6 4 333 266 127 966 498 881 720 94 661 168 296 574 873 539 480 951 927 782 459 826 214 944 201 89 499 456 79 722 502 466 635 147 415 549 95 275 476 366 970 375 817 892 109 358 672 319 946 590 408 346 705 271 234 223 50 527 536 363 144 21 310 170 573 835 34 752 898 107 832 374 698 306 972 700 877 206 905 437 600 633 693 968 162 670 491 967 217 778 299 556 492 706 973 894 396 146 87 173 733 834 135 128 252 32 382 839 260 757 561 789
2 10 12 4 7 9 13 36 452 539 523 405 226 575 385 988 649 956 261 198 968 465 206 869 170 847 210 646 499 911 824 138 549 445 766 579 360 350 474 268 491 681 662 83 610 551 892 846 642 921 765 573 970 280 720 604 486 898 239 811 759 583 288 950 933
2 13 6 5 11 8 10 343 347 893 171 980 214 577 755 588 737 835 203 310 801 509 805 705 714 317 191 674 306 650 574 933 887 454 87 386 941 103 413 234 546 571 167 71 323 983 613 32 466 583 21 89 373 493 353 403 807 399 489 394 644 795 914 376 385 939 251 778 23 415 996 851 441 233 885 154 420 461 472 219 634 557 665 974 624 433 393
2 11 5 8 9 10 12 922 998 272 719 554 495 162 61 579 786 130 694 394 616 887 503 350 825 629 644 733 270 369 539 493 718 481 952 909 167 942 517 266 191 44 791 946 979 486 62 313 710 515 55 511 639 623 344 529 128 633 465 339 894 760 540 838 1003 417 567 592 758 122 66 643 491 914 86 397 382 19 666 604 522 532 152 655 697 182 287 656 589 945 155 94 166 69 50 581 110 687 986 842 241 678 874 792 428 134 688 14 460 641 651 144 617 59 432 913 175 840 143 314 668 929 112 756 849 379 774 88 439 794 542 395 622 560 908 309 51 841 514 79 26 444 992 990 180 823 824 457 975 159 461 701 425 948 684 621 580 547 237 982 45 342 330 215 157
2 11 12 10 13 7 4 969 747 697 264 393 682 674 138 380 591 297 646 258 803 169 305 210 376 769 327 929 781 935 802 475 193 818 565 592 355 90 737 248 539 839 543 414 814 140 82 513 493 806 618 862 51 710 599 963 203 155 79 61 66 427 128 121 36 491
2 4 6 9 8 12 10 256 989 321 291 131 263 213 417 863 489 603 599 587 923 853 130 27 499 273 694 966 434 48 699 396 612 667 14 792 76 109 929 312 649 80 762 59 296 938 839 722 845 875 352 440 138 714 466 484 37 793 743 674 771 567 796 175 836 126 764 777 429 133 346 397 211 344 388 363 928 282 157 467 916 868 457 275 981 145 683 585 630 817 207 631 737 859 706 329 525 745 919 638 255 97 235 597 627 757 964 689 144 952 584 565 962 347 881 61 927 293 729 34 779 570 223 607 65 251 359 214 385 899 742 43 890 933 314 892 49 1002 816 717 977 522 387 391 656 272 83 501 704 374
2 12 8 9 11 6 7 890 112 984 98 452 481 923 761 107 855 106 167 874 505 568 282 559 895 94 957 411 975 375 758 922 187 245 982 917 203 547 30 605 160 645 638 623 321 938 866 838 995 234 430 619 861 722 632 540 602 197 153 38 156 997 854 960 970 903 978 639 929 822 839 685 598 275 858 279 20 489 882 525 550 655 186 150 472 813 498 93 585 524 896 749 250 740 662 329 935 482 910 123 77 539 18 599 269 754 129 485 520 352 647 44 277 993 916 403 823 265 81
2 6 12 8 11 7 4 689 913 956 105 600 778 805 374 386 788 58 572 554 552 344 705 619 312 132 349 500 809 974 396 542 378 341 679 190 449 329 457 88 776 712 227 638 799 339 715 447 843 782 961 901 211 536 267 248 107 530 730 127 99 562 474 512 754 120 774 316 230 541 116 582 27 824 242 462 405 653 214 794 994 479 790 832 17 90 104 990 153 450 719 401 181 307 398 950 538 708 32 391 936 985 650 535 526 53 680 262 256 41 222 459 324 402 608 488
2 8 7 12 10 4 6 737 317 822 710 494 645 642 29 180 381 725 464 928 112 35 762 23 919 19 648 471 677 498 885 705 914 443 652 241 457 669 961 451 993 723 598 847 175 252 349 135 42 467 201 713 334 522 325 579 934 629 518 765 752 456 999 980 769 108 965 115 985 56 202 123 791 514 626 817 442 77 1003 162 145 796 574 166 48 730 178 667 911 229
2 11 5 9 10 8 13 132 187 210 410 491 17 232 874 872 625 839 100 766 736 524 228 798 747 921 293 533 464 708 691 742 751 883 513 832 169 808 425 560 18 907 447 288 438 319 951 578 863 159 122 869 720 198 322 501 800 799 658 33 963 299 842 481 391 520 670 892 331 406 317 722 183 944 593 847 127 291 36 810 458 436 608 145 389 312 846 234 66 217 263 86 307 649 432 74 788
2 5 10 7 12 8 6 204 776 27 56 888 155 477 228 350 143 432 790 848 26 941 307 36 826 796 690 711 775 624 906 485 241 351 984 915 942 382 839 237 891 184 989 959 964 850 681 413 110 987 568 797 236 311 442 809 341 874 938 777 131 450 196 396 59 25 51 297 727 933 972 119 507 544 309 160 842 708 795 765 539 106 1004 412 387 750 709 741 946 140 282 800 524 877 207 571 152 334 694 1003 470 719 653 758 812 366 392 828 761 193 94 158 189 501 552 331 299
2 13 12 8 9 7 5 824 625 791 359 890 170 741 866 202 17 855 579 626 986 39 353 780 499 354 709 645 121 869 936 516 669 393 140 853 636 795 715 495 698 92 790 326 439 958 163 977 277 560 137 247 370 273 752 210 212 847 865 449 749 483 893 518 472 668 301 116 53 477 788 259 831 584 110 672 849 937 778 598
2 10 6 4 7 9 8 667 544 811 838 353 201 178 77 948 822 243 780 185 123 906 366 882 767 747 733 530 419 450 607 871 939 439 444 501 707 117 547 449 499 599 699 397 441 826 751 28 502 493 210 766 730 131 797 31 260 950 415 98 464 930 754 870 913 398 936 223 477 703 238 876 427 400 739 663 234 263 340 748 616 664 122 95 849 827 572 971 159 523 19 522 333 705 819
2 10 7 9 4 13 12 820 835 17 251 484 241 773 252 594 444 136 949 175 997 408 267 83 465 612 994 527 106 52 632 195 911 380 308 535 395 263 39 461 53 601 438 392 744 688 670 634 310 669 686 746 885 605 360 305 351 912 107 836 624 485 137 562 361 422 490 671 384 316 548 801 417 886 729 920 847 938 503
2 13 6 9 10 7 5 962 506 841 701 983 456 171 561 804 485 776 662 37 294 597 34 871 956 624 413 162 530 417 686 593 138 1001 590 168 94 788 457 517 989 800 242 533 267 893 215 547 204 957 707 59 47 269 806 462 121 604 949 661 486 448 722 429 444 862 754 499 332 356 214 958 706 558 926 203 69 435 339 273 201 65 491 937 378 280 311 281 855 895 543 974 658 870 594 174 468 305 511 638 372 727 239 428 260 223 697 859 431 560 77 455 29 102 406 464 936 625 210 291 542
2 12 8 11 6 7 13 746 810 532 754 867 237 589 987 769 523 359 33 479 307 999 488 442 959 984 813 485 100 44 629 351 610 424 83 911 399 985 624 900 141 397 38 383 504 64 480 265 843 559 773 347 841 340 535 167 880 919 392 997 119 876 906 186 184 50 913 709 545 39 493 72 80 40 877 268 99
2 9 7 12 10 4 6 365 221 207 728 552 875 45 575 935 917 278 453 167 700 462 839 170 226 74 832 292 55 813 597 745 862 500 84 288 93 996 146 561 502 661 230 994 413 989 499 858 166 747 193 366 944 66 750 869 478 460 378 229 983 248 461 608 232 821 200 861 335 589 939 606 351 474 228 384 790 185 943 942 974 504 75 360
2 10 11 6 4 13 5 42 186 871 580 185 578 250 778 950 380 368 296 728 981 241 82 826 925 557 33 76 424 647 102 444 681 434 511 707 173 428 590 793 770 396 420 682 1003 358 577 479 588 901 654 498 211 732 306 180 198 829 689 711 877 903 837 713 412 528 224 957 741 152 391 500 463 924 844 332 502 398 373 487 878 286 673 592 467 788 976 715 139 129 301 986 888 546 674 365 595 975 759 748 753 703 839 737 609 422 443 941 992 136 806 106 209 268 277 640 555 206 40 729 993 564 540 559 357 491
2 9 12 7 13 5 11 984 701 719 281 154 912 329 770 66 809 240 498 167 219 676 60 403 216 197 424 560 795 915 390 796 177 234 374 951 414 864 348 522 829 802 972 877 525 986 80 608 840 803 641 383 499 279 188 985 980 673 339 381 417 908 789 530 158 454 964 488 314 487 737 117 779 363 793 507 672 503 775 401 100 623 494 846 95 845 55 583 982 815 946 107 110 241 788 878 429
2 4 10 12 8 5 11 869 771 449 998 494 616 43 991 221 446 344 574 118 354 849 922 779 156 785 371 317 908 476 189 769 88 206 775 744 509 603 829 418 596 605 378 656 406 615 345 632 642 280 388 225 168 808 743 764 485 508 163 577 715 752 688 599 966 893 425 14 455 113 898 475 360 334 79 309 310 842 217 63 883 48 691 515 972 575 506 246 77 818 807 357 442 176 758 538 843 90 662 940 540 19 100 236 952 868 28 797 875 946 278 319
2 6 9 8 4 11 13 436 819 721 787 599 208 197 979 193 842 969 767 138 528 432 229 668 445 573 885 756 106 146 879 360 813 606 434 645 182 314 669 921 981 403 88 730 693 671 531 741 390 892 87 791 150 598 794 646 478 846 960 416 933 194 258 919 989 851 433 992 586 387 324 684 401 857 291 944 488 442 895 536 67 358 313 133 55 545 876 654 901 337 782 92 265 494 160 699 627 331 633 452 858
2 11 12 10 8 5 7 984 659 982 869 747 526 282 500 940 174 735 308 556 317 314 324 663 21 797 548 938 476 221 183 272 43 99 364 114 491 712 305 574 139 208 297 751 667 469 412 890 416 636 632 779 701 745 176 859 966 133 837 426 461 354 281 153 369 502 707 147 411 824 280 214 808 652 993 97 842 861 906 631 302 579 144 17 974 395 435 736 994 454 730 967 741 777 829 279 423 530 573 813 346 351 674 877 520 780 337 457 119 118 338 687 477 670 441 958 459 44 239 437 743 185 787
2 10 8 7 13 4 12 313 333 921 863 312 205 481 221 940 713 721 573 872 96 934 802 252 250 478 759 385 16 483 699 403 42 968 684 236 276 361 781 444 828 222 757 594 815 200 482 526 329 452 311 715 958 425 769 420 162 631 964 923 320 495 887 732 626 839 146 479 433 588 660 82 36 675 630 263 652 437 474 424 453 503 255 233 413 809 505 292 404 59 378 423 145 249 784 939 90 402 973 435 235 154 354 543 733 234 948 966 841 806 818 624 754 955 619 38 269 987 739
2 4 7 13 10 8 11 687 426 420 560 387 588 665 93 434 243 102 17 738 360 889 408 344 786 462 695 95 245 984 733 32 290 194 192 552 799 154 739 395 616 652 438 730 318 999 865 566 489 456 727 336 808 885 61 670 867 430 620 424 755 631 792 914 422 72 941 299 354 490 516 752 365 322 606 126 638 592 681 594 70 162 281 260 751 47 355 980 944 985 899 244 940 339 190 475 664 577 366 311 525 133 722 178 253 180 530 231 729 282 215 609 1002 782 644 64 989 682 378 82 500 612 71 655 543 97 724 531 927 754 217 778 800
2 4 12 5 11 8 13 185 795 614 876 669 557 783 198 957 958 108 931 926 643 572 999 805 520 213 1000 229 541 156 785 864 753 129 225 219 149 505 236 478 667 85 468 106 65 231 265 180 903 508 845 165 974 338 923 155 698 249 346 516 82 581 136 157 628 967 919 160 879 833 894 590 839 78 32 360 284 528 552 273 196 754 374 988 60 303 482 977 607 392 518 343 964 717 189 74 892 139 369 80 270
2 13 11 10 4 7 8 946 698 695 271 755 264 747 174 190 605 83 184 675 822 680 167 919 482 59 448 172 356 295 751 97 276 114 589 142 674 780 136 894 244 63 641 871 613 558 800 307 491 103 187 466 682 639 109 533 783 195 134 816 106 711 995 512 464 465 671 938 53 393 791 348 786 960 86 364 462 927 169 636 303 968 76 551 298 886 487 231 112 846 266 84 710 805 896 437 89 709 159 493 926 737 802 833 601 537 345 634 391 715 982 92 763 327 426 33 119 130 850 963 236 241 970 953 847 529 517
2 12 10 11 5 8 9 919 120 617 177 130 837 789 476 27 964 679 277 670 401 569 992 492 998 682 71 411 695 508 144 486 471 991 225 339 579 50 914 163 193 611 583 618 14 520 981 534 35 54 797 976 524 918 536 831 884 563 96 910 216 649 878 95 49 732 56 798 636 328 803 531 194 201 191 909 445 199 1001 178 758 88 434 83 490 26 230 323 206 89 771 426 270 598 98 748 415 483 248 342 600 509 317 737 475 890 170 516 307 276 860 79 764 844 259 849 929 539 389 999 384 921 757 706
2 11 6 4 9 8 10 483 114 740 536 932 281 715 743 486 898 150 839 823 639 881 136 1004 231 362 668 836 927 576 413 909 551 374 920 599 14 992 215 682 137 118 254 111 993 804 911 516 105 279 578 393 758 812 223 928 183 269 899 370 481 981 800 827 18 347 232 535 805 878 218 436 88 775 494 129 757 275 877 814 95 92 237 783 931 349 313 266 598 808 133 444 780 358 238 145 377 793 694 396 876 979 895 660 147 556 741 384 811 515 969 632 564 815 840 285 482 493 36 901 315 707 704 124 642 117 926 72 527 828 186 90 852 522 723 605 402 364 359 418 474 739 162 865 70
2 6 4 9 13 11 10 509 763 116 229 985 996 300 965 984 381 629 820 210 562 235 911 14 720 917 48 956 82 733 248 385 162 158 136 491 668 626 63 779 412 693 542 129 955 628 504 457 141 204 842 40 388 780 833 697 848 100 549 369 259 114 764 482 163 70 921 868 232 600 809 586 903 977 706 30 521 167 615 567 118 271 777 918 522 660 168 610 59 609 682 355 247 109 264 65 468 618 760 669 160 169 366 920 829 785 976 406 910 88 442 595 755 865 577 35 92 287 156 285 145 748 598 718 957 123 15 916 16 548 480 756 415 261 637 340 980 113 209 874
2 9 12 4 5 10 13 912 192 432 31 701 562 846 344 740 686 717 833 401 790 676 970 770 541 783 92 405 220 813 759 716 595 361 322 123 616 111 354 589 923 854 415 947 319 348 183 898 450 597 943 657 614 477 927 418 114 708 643 659 385 619 996 414 585 189 416 207 489 371 890 544 982 554 858 485 852 1003 670 57 688 407 275 102 537 167 20 108 446 965 545 963 246 671 422 267 881 306 79 964 119 876 933 588 272 298 85 525
2 9 10 7 8 4 5 389 230 530 725 518 502 972 16 576 465 793 45 727 245 382 691 447 370 845 21 494 962 624 839 811 957 809 409 143 861 832 479 620 124 423 70 374 762 224 704 350 243 853 347 722 366 862 363 597 686 540 876 768 866 103 738 258 742 105 378 945 40 328 324 523 904 459 313 833 86 24 642 237 719 253 908 213 37 166 766 309 410 820 495 808 976 85 458 877
2 10 7 4 11 6 5 573 90 41 792 345 398 977 70 200 141 630 22 44 202 231 131 835 157 435 102 330 251 552 883 252 419 634 425 117 203 353 994 144 884 799 262 557 79 421 283 426 592 221 965 511 331 855 783 858 376 442 213 457 641 680 539 831 985 454 337 649 447 745 707 611 609 253 889 688 37 537 622 797 336 912 867 970 585 704 619 898 538 691 241 123 108 780 817 802 788 596 823 52 178
2 5 7 12 4 13 10 464 724 708 740 908 65 517 440 949 611 394 498 864 886 328 779 836 89 605 69 931 276 153 188 35 776 468 629 223 24 552 726 265 750 935 841 71 220 363 831 676 251 369 135 196 951 680 371 351 425 64 326 18 923 835 637 120 969 203 889 90 286 154 603 515 665 718 295 115 650 818 722 193 696 359 300 417 594 645 504 796 855 706 672 612 733 815 938 143 816 305 101 643 343 33 925 491 730 633 936 684 768 675 873 481 641 874 521 595 636 373 869 86 488 757 182 719 262 544 136 670 825 881 243 42 922 506 741 227 1002 912 278 770
2 6 11 4 12 13 8 765 404 557 528 587 869 785 783 664 519 815 1002 601 946 720 379 552 63 332 840 24 90 388 306 458 518 35 325 658 167 118 646 113 378 181 819 55 702 354 747 237 214 177 729 392 210 369 668 276 383 730 918 342 763 972 343 795 319 754 959 791 252 227 143 164 804 466 27 417 340 889 755 839 275 831 434 232 605 1003 208 642 437 523 500 655 106 481 300 948 956 135 432 673 386 575 521 740 171 570 191 745 75 176 842 708
2 4 12 10 6 11 9 42 468 1003 471 313 986 304 512 256 922 983 199 474 611 498 80 108 536 915 44 774 445 617 125 602 506 187 641 277 991 437 396 775 181 456 946 720 33 723 984 669 267 366 783 888 860 278 632 759 658 26 620 843 596 393 404 965 973 820 910 845 169 967 695 502 980 493 660 156 956 826 831 725 731 718 687 761 426 212 242 83 224 800 334 204 55 236 410 71 630 106 789 653 609 705 802 542 369 379 560 462 35 384 833 909 710 94 418 150 791 24 319 857 712 564 819
2 7 5 10 13 11 8 202 888 17 718 587 857 620 840 440 819 896 28 668 22 456 622 73 232 701 742 991 217 679 155 740 978 525 529 567 69 254 610 307 543 472 76 108 71 30 375 335 144 613 109 413 693 923 927 863 161 936 484 262 644 542 702 682 268 618 388 480 893 765 761 399 838 976 878 113 324 638 255 708 423 370 237 623 245 743 807 908 19 776 632 747 350 205 968 164 788 296 159 387 429 265 54 95 244 308 518 483 1000 597 583 911 79 256 922 994 404
2 13 10 5 11 7 4 701 471 24 147 295 747 164 440 563 95 333 698 494 119 915 26 577 292 328 411 783 974 495 49 786 512 98 724 879 363 415 912 155 799 477 824 856 1001 117 359 730 711 33 966 249 63 649 173 405 104 578 69 681 871 142 705 342 474 301 169 843 599 394 894 441 202 66 150 621 602 853 606 378 821 116 595
2 6 11 7 12 8 5 385 886 222 384 428 466 372 966 642 455 835 167 739 749 179 769 285 729 448 762 262 480 591 73 124 795 158 861 652 660 588 836 350 628 806 570 674 430 1000 827 709 879 767 80 539 88 377 74 520 757 30 838 407 967 643 63 907 190 697 243 187 42 122 738 865 315 831 392 664 993 868 383 443 874 390 633 608 645 944 937 648 168 454 292 319 544 228 355 905 96 78 703 717 279 926 72 152 870
2 5 7 4 13 9 8 388 412 661 884 576 675 933 514 474 601 390 603 47 133 674 374 36 800 407 439 392 981 702 857 42 277 238 78 905 99 825 155 220 895 746 980 369 724 732 953 760 44 836 430 422 965 150 475 931 588 174 342 999 425 17 695 296 507 743 613 564 58 171 698 408 582 201 336 431 200 228 130 311 501 737 157 862 885 584 935 481 478 801 338 903 964 573 598 901 741 900 720 396
2 9 5 12 10 8 7 783 561 578 436 576 682 104 909 494 607 745 40 451 450 467 592 289 880 557 713 591 99 643 192 722 670 68 545 211 492 333 73 853 402 810 415 728 38 988 62 393 972 844 23 518 481 250 908 310 546 424 799 551 859 430 540 952 201 893 204 640 309 785 840 69 455 505 703 458 579 275 824 806 732 50 327 958 953 95 942 72 240 501 702 122 631 787 585 283 847 691 890 416 541 704 636 373 506 359 510 155
2 7 5 10 11 4 13 447 116 725 576 625 579 928 609 991 606 462 862 624 855 563 577 900 766 16 35 885 929 903 754 951 628 637 786 938 585 664 677 186 793 251 348 421 150 1001 567 673 353 871 429 649 832 482 708 829 265 856 780 294 886 118 858 898 26 727 648 190 244 971 17 981 355 439 273 758 511 804 55 983 131 215 665 827 549 486 243 599 397 350 978 168 141 50 684 818 463 357 438 764 46
2 8 11 13 12 7 4 457 986 959 330 143 207 280 340 162 905 269 985 775 393 283 79 542 815 493 274 992 142 339 359 899 473 70 354 626 806 189 51 331 744 121 297 62 974 746 175 608 722 813 862 55 502 567 434 999 951 188 453 940 605 639 48 881 420 376 471 443 797 939 838 261 24 513 842 534 268 111 325 249 270 134 351 512 532 770 627 731 592 816 585 667 42 203 925 172 151 825 677 15 952 628 690
2 5 7 4 6 9 12 896 964 994 917 323 935 407 1000 205 913 697 105 146 560 957 876 119 607 274 233 278 885 783 337 736 191 41 66 369 684 562 830 564 939 204 772 505 31 774 399 755 852 516 791 75 189 47 741 672 618 115 134 730 1004 519 52 185 321 409 884 490 688 888 358 483 168 172 754 444 380 428 710 232 425 703 759 184 72 499 977 40 43 694 45 103 453 677 48 214 218 825
2 6 10 13 8 12 5 31 802 621 470 88 84 860 428 314 497 731 882 746 976 261 488 640 282 815 118 90 737 603 597 278 76 196 36 496 30 347 233 384 1001 824 701 49 993 98 831 354 499 148 664 606 91 17 495 634 475 930 884 74 206 268 875 779 48 913 399 683 329 318 351 472 159 680 848 125 994 519 166 660 358 665 567 108 527 301 391 523 305 530 780 963 405 626 131
2 4 8 11 9 10 7 810 46 154 756 325 354 619 406 334 539 610 448 321 929 805 847 820 906 532 956 582 380 618 226 213 81 828 69 131 721 639 362 723 306 389 683 647 431 916 24 686 792 824 18 850 337 520 712 83 535 66 169 401 778 172 664 554 656 558 197 415 188 61 204 500 181 151 224 483 596 791 185 782 310 73 560 112 958 252 746 198 58 390 970 134 391 371 973 158 63 324 861 230 173 559 222 480 579 924 892 19 271 474 320 921 993 590 425 889 209 453 343 602 94 701
2 12 5 8 13 4 9 40 391 317 483 725 245 766 257 182 616 107 272 748 484 847 432 416 850 701 240 776 925 224 422 784 712 337 911 930 349 977 76 419 51 973 128 803 265 634 326 173 556 104 307 129 456 113 968 157 666 952 285 350 41 476 171 791 34 469 436 886 1000 420 885 176 258 72 645 654 946 662 672 59 324 434 961 215 244 202 667 200 733 249 92 462 386 210 713 500 727 591 765 839 442 291 421 268 188 503
2 9 11 5 8 6 10 953 986 614 294 189 355 165 101 880 468 962 787 280 412 286 646 693 893 103 106 67 885 756 460 273 238 83 973 665 550 1003 62 301 271 376 537 996 792 51 753 919 702 791 105 860 545 328 631 627 78 46 232 602 116 368 846 361 705 508 789 439 15 261 208 40 337 644 621 150 121 353 569 303 577 72 84 349 365 487 326 259 844 891 762 677 716 387 801 592 534 245 32 423 195 771 25 839 231 814 881 88 109 680 316 641 609 583 967 300 229 394 197 235 971 566 875 768 599 603 421 855 540 488 682 433 161 60 869 348 883 224 717
2 8 13 10 9 4 5 281 833 180 911 344 502 605 748 484 890 335 745 850 897 540 122 824 333 511 937 779 723 330 562 498 638 576 692 1002 17 820 972 637 555 564 660 821 136 16 389 426 869 602 499 649 370 466 764 272 311 135 293 385 949 437 44 88 506 348 56 864 262 793 346 698 546 172 616 813 741 848 953 909 836 82 636 190 529 465 338 500 363 629 815 35 57 783 24 290 80 655 95 427 966 908 431 259 607 950 474 978 37 355 217 880 108 996 151 711 438 986 884 361 121 967 169 250 434 870 102 768 543 379 542 386 971 814 40
3 12 969 481 813 323 21 639 213 130 859 409 474 805 508 718 97 795 80 494 711 927 784 967 472 790 997 959 211 137 381 921 83 533 974 699 283 486 634 815 231 810 804 131 354 294 526 208 896 257 817 85 107 645 425 566 258 667 898 359 977 939 776 912 949 317 312 197 422 46 464 192 473 391 101 588 891 302 799 175 124 916 224 681 392 788 844 269 986 665 145 268 364 189 691 324 265 423 768 837 22 850 428 232 298 93 713 52 39 614 236 459 158 937 303 505
3 8 266 384 990 848 245 641 489 32 620 854 300 695 785 278 34 470 16 972 250 885 625 909 455 966 155 70 615 185 833 808 814 882 883 658 701 929 375 580 598 894 302 946 800 821 813 710 857 704 446 855 478 637 329 584 261 188 360 476 393 722 589 574 116 951 410 98 631 148 691 113 794 864 92 749 97 167 564 552 146 662
3 12 644 298 212 593 558 75 922 890 636 135 760 669 557 563 434 226 209 605 348 818 789 915 720 548 951 721 275 239 185 528 479 755 229 731 574 151 834 481 67 375 354 76 347 659 833 501 227 986 33 14 1001 358 940 467 696 213 197 901 955 417 73 160 714 231 990 164 96 205 493 204 259 250 277 724 382 995 122 521 656 927 697 312 584 683 257 234 266 954 132 824 549 686 538 366 384 357
3 6 919 820 445 312 642 72 810 333 353 273 70 22 265 643 460 61 737 68 827 818 839 581 654 243 688 877 147 19 699 191 796 663 750 825 736 557 809 158 624 488 493 844 220 819 681 309 492 515 359 184 23 920 710 865 40 181 534 939 540 308 883 101 539 233 747 848 665 443 379 749 415 708 375 977 559 318 432 83 304 545 705 724 528 932 108 336 41 177 201 790 968 997 461 886 529 798 384 905 27 477 467 609 355 847 500 174 287 213 666
3 12 795 270 663 911 145 185 42 254 18 653 80 907 642 989 308 418 447 582 553 144 73 736 877 991 917 972 686 91 692 714 359 693 563 470 839 294 149 587 337 206 787 194 65 827 829 123 861 407 811 707 860 434 225 317 792 626 935 415 613 187 211 488 873 202 426 261 644 727 207 230 493 365 318 622 712 883 894 45 150 237 581 987 1001
3 5 535 61 58 432 259 372 537 465 766 125 478 807 145 612 449 171 910 438 717 131 466 392 560 898 436 236 257 468 664 351 54 760 489 839 354 673 808 662 138 269 522 299 540 391 709 851 97 233 971 153 617 328 352 162 751 623 925 90 222 390 644 490 802 653 587 396 72 41 482 260
3 11 986 414 558 365 900 216 708 873 423 880 422 693 793 471 261 771 443 438 501 963 82 565 696 355 154 245 906 809 833 685 57 831 982 15 121 980 665 516 539 709 633 232 248 116 520 312 667 844 568 577 467 897 493 263 333 635 34 352 345 104 601 721 372 483 611 496 566 997 847 468 563 875 726 937 569 205 21 229 377 572 689 695 439 251 149 644
3 11 917 556 21 271 583 88 594 171 750 80 346 531 302 991 1000 892 319 276 764 714 989 524 753 526 999 266 570 305 451 288 430 461 920 581 249 677 992 561 476 516 107 560 847 597 785 944 388 826 739 634 275 529 73 844 926 547 786 85 555 272 896 888 549 803 540 863 963 783 254 628 192 886 817 822 965 176 357 102 128 732 831 337 496 770 447 259 919 784 852 438
3 6 126 464 159 727 877 809 426 82 58 899 445 262 402 678 701 979 978 497 815 881 527 337 547 954 261 641 745 320 619 243 369 904 829 80 798 690 528 437 623 415 305 604 607 671 571 47 447 795 118 1004 479 906 475 42 814 844 297 883 231 465 34 944 968 765 247 292 15 926 158 38 648 658 515 39 873 240 861 220 724 461 279 822 569 991 69 385 621 970 826 340 317 940 175 258 567 849 684 856 772 483 490 322 898 383 583 397 595 598 927 865 551 637 733 597 163 938 234 368 312 763 456 513 577 503 354 751 494 470 559 123 233 729 358 29 962 57 850 295 759 574 393 650 1000 947 732 783 593 466 833 983 122 914
3 6 241 610 339 370 47 312 372 653 983 305 116 546 652 453 774 281 548 124 661 524 95 991 467 304 992 438 368 311 195 533 354 847 118 733 587 410 878 437 234 989 569 349 579 519 597 969 192 404 539 832 607 450 811 584 178 709 801 443 45 804 615 78
3 5 725 138 84 929 721 71 36 603 592 452 975 615 1004 256 472 317 141 835 357 807 793 194 702 937 352 765 622 677 67 682 32 290 727 39 882 672 676 527 316 870 231 523 732 658 15 927 627 934 19 301 908 270 661 125 381 460 978 265 635 617 181 919 960 469 591 586 729 575 81 701 276 340 738 630 333 508 686 398 680 866 524 970 88 956 192 763 789 168 698 787 388 335 399 489 477 289 938 311 353 406 801 263 730 369 467 558 609 753 604 407
3 6 208 62 991 168 353 63 825 230 663 626 232 137 871 385 302 658 30 843 247 727 665 470 646 195 520 976 554 872 896 977 931 38 731 485 388 83 503 395 205 446 307 237 344 673 590 879 280 963 595 724 252 85 999 324 680 328 839 533 563 939 222 491 604 118 784 869 495 66 984 548 781 471 286 486 329 861 737 358 203 27 105 565 219 497 295 78 718 903 742 682 199 695 778 319 394 777 327 28 800 933 98 350 354 863 89 122 923 948 989 920 392 962 528 278 157 172 915 966 318 884 611 80 509 912
3 12 759 28 683 825 669 579 608 965 633 51 751 978 734 532 21 64 149 297 424 642 935 188 627 80 557 609 827 185 646 243 883 291 676 744 621 541 670 791 896 866 333 940 409 410 73 1004 796 466 192 245 684 290 809 343 421 142 422 942 952 500 708 249 772 929 709 741 735 641 630 173 838 600 569 147 386 340 229 907 30 405 868 17 15 718 29 201 353 871 502 616 447 226 331 807 236 905 786 31 966 748 121 134 220 767 481 370 492 664 354 238 598 747 300 975
3 5 861 407 873 229 434 51 89 345 347 965 518 412 43 652 897 687 289 194 705 638 373 540 67 842 123 794 635 316 941 645 101 848 844 466 260 404 857 579 749 54 393 785 203 970 23 676 392 422 369 891 865 935 127 303 151 255 672 56 888 251 126 71 110 636 569 501 42 87 167 890 82 41 956 696 99 44 385 920 728 699 450 841 718 312 406
3 6 890 176 344 27 986 892 811 582 633 932 477 631 880 267 331 568 706 738 605 172 813 105 69 480 859 905 827 981 246 803 103 479 858 848 585 681 520 934 931 716 395 102 186 671 79 762 593 955 478 166 170 124 976 374 865 954 632 348 439 701 720 464 999 37 161 28 511 939 845 218 799 66 606 876 779 640 595 470 352 727 562 190 174 650 510 53 59 624 821 407 651 871 296 726 900 715 849 248 794 914 795 115 136 123 450 142 904 155 54 387 91 756 368 357 971 14 498 490 621 907 989 927
3 12 154 610 23 466 157 132 699 125 240 983 587 123 889 737 451 877 80 1004 676 134 52 565 700 226 880 549 496 943 615 50 997 704 577 220 200 448 195 38 192 826 116 914 394 802 254 762 743 848 168 64 720 183 309 343 260 878 934 644 846 687 310 253 135 821 74 829 53 201 958 949 39 244 761 430 900 927 189 229 706
3 10 194 887 170 31 380 639 641 35 532 1001 644 222 765 750 630 373 633 792 744 287 432 489 481 414 850 649 569 151 305 188 784 975 674 628 390 174 736 112 289 343 620 763 352 394 571 825 84 852 534 271 204 49 663 832 285 411 614 499 704 351 680 366 698 149 354 424 894 510 670 603 470 613 259 102 537 82 487 26 142 302 941 427 442 898 511 885 631 861 150 61 699 813 113 969 739 693 512 476 146 401 705 916 523 610 387 585 753 996
3 6 379 846 235 549 159 343 809 186 72 689 897 552 508 457 166 563 383 224 482 287 825 619 310 247 577 459 862 273 118 695 404 473 202 865 978 437 814 662 295 968 58 559 44 836 394 257 820 728 208 854 414 611 229 305 838 981 456 618 932 92 546 125 674 576 275 184 739 986 629 424 781 60 204 891 251 916 901 798 192 637 47 65 536 622 179 390 69 590 495 847 485 319 776 598 256 638 271 231 280 402 418 633 953 128 480 575 992 215 103 453 377 216 298 32 823 903 851 723
3 12 226 446 726 486 745 191 809 91 545 411 135 80 125 182 237 306 342 417 43 472 643 241 965 517 429 464 495 754 892 613 175 532 958 476 331 943 991 706 404 549 285 962 304 294 245 765 288 359 343 324 17 215 908 280 255 103 414 870 74 720 482 57 90 968 592 884 234 16 136 552 656 473 791 827 312 254 212 317
3 9 422 724 53 694 803 944 531 911 983 460 753 467 315 584 770 286 217 188 526 648 839 910 815 295 489 105 521 323 273 170 708 267 538 979 578 807 319 791 938 902 73 423 763 712 428 702 46 684 260 773 186 919 524 451 112 644 278 299 812 242 723 901 672 271 541 85 348 380 304 88 437 796 143 508 776 447 583 39 550 219 789 520 705 108 565 871 30 514 477 18 502 43 49 561 221 23 929 642 233 314 189 863 864 433 257 275 475
3 7 429 23 114 200 695 889 485 61 319 133 129 802 909 555 468 841 938 189 136 160 943 816 781 404 916 761 658 559 968 229 59 548 610 894 470 99 747 881 534 866 528 609 418 570 317 738 710 67 47 589 21 484 818 918 363 275 811 42 284 490 851 825 451 748 755 186 780 655 215 791 862 872 125 25 664 613 179 553 112 752 957 491 864 482 927 902 939 339 936 84 420 588 389 505 766 388 669
3 6 45 500 606 74 970 194 457 133 420 608 463 724 853 566 344 363 952 383 862 241 677 889 882 687 46 145 967 757 949 511 553 301 625 30 945 835 28 950 417 729 469 475 66 192 523 324 38 373 961 820 314 480 953 242 302 778 576 685 244 986 401 620 152 18 666 168 898 650 462 698 183 199 618 156 333 746 716 55 88 585 346 275 493 979 827 672 353 766 44 24 201 503 556 250 880 101 284 255 354 97 547 40 370 616 499 412 282 253 14 987 492 196 770 586 531 800 519 735 656 763 36 629 262 329 222 51 542 197 686 545 277 598 897 892
3 9 675 118 876 444 257 929 146 56 310 259 980 765 374 832 807 242 754 85 71 710 639 206 409 909 284 162 454 174 864 630 830 991 476 971 815 415 967 70 699 475 689 385 798 825 418 780 37 605 507 450 44 638 149 983 276 267 924 757 241 794 238 235 891 850 209 723 316 963 114 485 47 669 976 951 926 679 853 696 538 361 728 177 295 812 482 667
3 6 612 673 244 870 204 888 683 498 174 838 27 785 182 793 929 951 250 76 692 82 69 497 937 421 916 62 807 880 894 393 510 171 890 927 787 521 461 153 934 694 531 28 425 366 228 731 1002 209 583 1004 222 236 752 813 214 472 728 964 272 889 699 750 170 281 229 51 507 38 353 708 378 907 808 886 203 626 936 408 491 519 205 654 956 258 741 14 243 400 757 515 379 805
3 7 596 516 594 450 247 984 845 153 571 1003 543 942 178 318 981 149 186 435 660 151 466 765 612 366 990 530 81 960 67 55 470 274 487 346 195 426 361 392 217 359 179 451 500 440 550 35 897 496 598 933 395 281 27 631 57 330 532 573 165 779 974 273 770 880 642 705 954 668 671 636 920 743 720 936 574 40 504 566 233 52 508 243 250 60 597 795 82 774 155 100 229 352 253 497 853 888 536 278 819 21 911 788 448 894 973 488 602 272 228 560 442 241 967 997 850 857 771 881 218 583 423
3 10 575 398 897 935 942 745 469 433 598 716 980 17 417 281 445 290 565 965 483 587 829 59 39 640 294 212 194 323 908 876 852 209 28 414 679 636 88 907 544 15 363 981 316 438 882 843 327 171 514 64 518 622 293 890 166 931 700 504 645 816 585 867 338 985 806 917 443 744 613 144 997 185 93 241 823 211 531 84 826 44 393 425 308 405 253 888 937 122 403 648 1002 421 786 875 334 870 894 763 501 472 463 52 725 339 181 549 842 141 262 101 756 68 431 303 754 450 995 37 468 356 945 968 588
3 4 870 150 874 300 814 233 251 465 342 966 845 631 574 803 815 232 1003 738 454 659 531 436 520 488 336 543 700 641 307 987 302 42 889 354 677 494 701 757 634 735 225 625 419 945 544 102 239 141 569 79 538 550 248 439 383 133 402 958 444 684 362 971 601 257 740 176 871 147 36 790 746 928 443 117 571 910 84 38 575 333 733 45 562 578 883 756 292 771 611 83 698 146 411 91 563 591 288 460 741 777 509 455 422 975 145 464 851 204 806 306 868 547 350 258 245 128 138 395 309
3 13 658 820 522 614 559 932 745 590 285 713 116 371 810 44 435 1004 100 616 352 976 672 461 642 609 515 167 635 975 529 422 837 518 426 688 860 777 937 640 882 20 939 399 651 992 362 1002 998 79 813 153 508 638 95 569 944 256 76 16 523 290 432 857 257 931 29 774 80 244 801 549 990 595 376 219 772 585 17 625 382 206 302 106 685 483 334 113 751 927 974 119 361 674 455 904 117 507 760 68 226 33 945 442 633 345 747 629 255 99 164 484 568 392 64 89 273 314 794 941 370 744 963 130 497
3 10 311 349 872 227 220 105 472 313 246 492 165 484 981 889 206 682 98 952 99 385 252 728 115 302 305 661 359 383 268 943 457 589 297 182 93 586 697 511 752 164 476 418 250 997 379 935 396 955 967 403 715 743 401 335 331 465 224 778 490 837 249 46 759 273 202 853 479 917 692 124 517 795 230 69 215 498 211 871 749 480 811 153 80 27 646 510 813 91 659 637 842 127 742 82 228 312 112 689 67 111 130 163 450 357 190 168 969 429 407 238 870 416 221 963 116 17
3 11 433 367 373 258 252 171 966 152 94 955 921 639 225 697 717 427 608 703 120 443 529 522 727 508 592 345 275 836 236 582 763 232 643 135 712 860 298 75 431 837 870 70 841 358 604 294 269 751 205 541 189 564 787 647 756 366 660 183 432 247 655 240 635 168 170 669 200 357 596 900 602 477
3 8 481 288 921 833 700 718 912 882 266 687 521 287 475 55 486 421 767 190 339 770 158 445 626 391 135 222 309 74 568 19 192 544 542 786 184 762 281 584 197 1002 980 151 312 809 471 186 600 621 307 604 274 335 894 424 956 989 113 321 757 456 75 21 734 861 428 867 960 660 232 803 503 844 843 550 334 289 676 300 496 996 878 249 781 248 449 284 326 128 883 583 705 761 746 845 836 145 620 329 432 452 835 771 193 765 58 490 632
3 12 347 224 207 339 464 529 649 350 187 602 652 789 721 844 961 594 924 877 451 380 141 99 100 172 628 138 922 671 994 353 458 278 988 228 292 279 111 30 574 532 771 679 389 791 855 806 879 906 384 220 587 962 604 325 198 210 107 252 726 397 72 856 469 836 452 231 47 755 568 655 312 492 378 140 908 997 450 751 746 523 212 540 372 858 946 201 395 881 760 725 958 910 978 537 634
3 7 738 304 30 314 31 837 274 45 348 585 427 925 996 85 751 140 128 205 973 420 99 858 338 76 251 740 949 37 700 788 175 337 807 219 674 693 132 921 496 181 586 109 717 286 713 687 97 646 689 46 118 209 155 424 478 714 400 302 501 620 630 180 27 759 353 829 204 173 547 270 664 369 402 414 600 212 891 193 964 671 71 720 682 842 448 278 231
3 8 875 524 585 888 747 846 723 421 346 165 767 873 483 452 854 931 983 409 532 63 590 267 559 280 250 470 71 342 611 401 912 384 517 672 59 514 735 37 314 523 624 377 64 414 649 556 535 582 271 231 904 970 638 666 670 797 450 593 415 963 294 906 895 548 729 260 862 589 211 177 605 663 170 218 149 850 40 550 907 161 157 460 974 519 169 678 390 18 946 964 188 537 396 191 546 620 74 343 422 207 389 428 101 949 49 248 689
3 11 435 626 861 498 958 211 662 935 466 966 512 895 93 961 71 956 846 623 92 813 652 493 26 722 128 978 484 394 114 863 389 709 56 932 469 632 400 223 908 646 819 860 129 364 694 206 113 461 965 999 862 434 249 679 220 716 907 432 330 666 741 664 585 692 688 604 945 814 868 402 23 765 116 605 102 526 545 793 571 836 333 909 279 618 809 581 829 682 879 52 717 818 847 34 125 295 672 387 974 35 36 497 275 700 889 976 790 993 137
3 5 792 676 916 973 117 911 693 763 410 575 319 234 725 960 487 235 335 415 950 243 922 611 584 603 981 433 496 222 662 784 596 962 917 804 622 92 723 139 77 148 58 647 468 885 282 738 116 684 409 220 321 145 782 276 221 874 817 543 880 290 254 49 400 739 264 317 407 791 87 371 510 15 419 831 901 722 196 752 198 200 253 653 402 308 401 746 744 913 447 688 840 334 239 918 240 755 878
3 5 578 826 769 187 193 85 299 522 65 620 94 128 75 908 448 831 515 607 232 15 762 885 759 934 185 249 633 906 636 504 552 856 845 975 689 301 824 705 265 688 17 559 461 269 867 634 563 832 882 364 147 823 430 148 67 499 286 691 158 872 214 825 86 127 356 218 830 539 899 178 982 821 891 99 21 487 921 707 513 337 494
3 7 557 266 282 66 998 958 940 19 267 348 628 510 751 817 226 484 130 183 660 693 156 384 455 356 891 138 158 159 128 167 723 662 961 310 745 92 29 296 1003 519 836 414 487 889 740 376 257 431 884 274 380 853 456 639 737 729 486 160 281 730 903 152 809 656 968 381 325 841 26 240 637 771 276 23 181 775 625 56 489 65 876 314 845 695 559 283 783 700 433 347 475 229 416 672 449 18 71 161 843 55 385 576 451 513 27 770 77 417 999 931 305 994 423 670 355 151 989 699 701 122 193 217
3 11 832 836 331 76 777 199 56 361 113 97 613 439 896 646 205 497 374 847 88 110 133 461 496 347 119 241 298 743 894 770 211 844 271 160 177 360 526 983 614 318 128 990 557 348 801 357 287 913 701 296 359 65 919 340 745 662 549 322 619 943 500 520 155 916 310 578 778 697 807 141 950 610 714 519 821 592 57 420 511 238 843 256 302 237 117 144 192 765 596 998 444 468 837 339 479
3 7 175 284 110 207 224 394 29 945 188 933 771 249 411 241 778 374 876 662 324 565 103 984 337 900 393 909 450 684 352 948 584 570 420 610 437 338 326 857 505 418 550 415 235 303 490 691 919 938 911 105 427 157 640 208 844 846 967 549 624 941 889 491 222 448 644 918 673 314 488 391 184 745 724 318 710 297 787 687 95 716 130 513 944 581 27 783 983 993 197 227 107 276 226 234 639 612 850
3 4 360 638 901 337 955 701 218 191 645 855 481 284 455 206 251 192 974 555 717 281 560 344 655 412 331 1003 810 373 198 714 204 628 95 569 816 246 316 660 943 143 729 635 721 286 299 352 676 164 390 994 853 274 630 359 358 706 524 105 47 636 380 368 504 179 702 94 439 803 1002 979 333 572 312 768 510 894 155 942 828 135 610 710 985 222 303 952 888 367 186 827 953 122 1000 761 411 578 613 775 800 911 91 925 266 988 822 238 570 84 626 480 824 277 533 129 407 275 467 941 501 386 624 30 544 539 929 138 171 817 556 620 649 374 954
3 12 466 649 53 802 550 839 386 387 66 368 947 501 640 65 867 538 57 62 439 259 980 937 126 863 941 671 130 275 824 72 213 355 821 440 743 398 325 894 206 482 381 382 253 329 600 492 354 768 932 51 878 437 169 962 589 709 559 474 486 158 967 142 234 996 790 689 699 603 280 397 479 835 134 658 663 434 55 20 780 490 819 145 525 287 108 987 30 629 432 703 585 805 725 469 87 371 621 98 183 68 766 737 506 624 93 332 508 178 369 232 528 919 922 661 774 184 41 509 910 681 238 674 647 579 816
3 7 346 658 410 574 68 385 283 845 445 436 815 18 852 789 585 454 696 356 783 466 625 744 99 127 135 931 635 922 284 57 308 629 172 291 313 282 296 573 524 232 882 228 420 848 883 732 525 660 954 183 516 304 435 925 268 888 683 979 640 33 118 575 910 737 495 963 220 730 197 336 184 266 15 368 626 22 330 567 933 759 844 248 802 28 949 601 897 30 736 276 689 821 967 715
3 11 44 627 118 923 630 982 747 208 731 854 617 932 320 367 850 255 625 191 502 483 556 805 392 21 371 172 890 297 443 98 955 134 750 218 186 907 966 580 38 708 296 588 724 980 59 389 299 953 94 211 364 814 65 852 986 621 439 97 527 84 126 1004 778 63 965 763 833 648 260 829 474 213
3 7 310 66 14 298 192 880 808 431 44 528 67 709 417 169 811 370 830 560 859 68 873 485 983 593 829 115 940 456 915 347 765 532 841 960 362 91 997 656 275 824 773 33 21 187 525 470 578 946 818 771 472 784 529 543 931 812 427 722 649 1002 967 707 862 928 453 165 718 271 650 684 861 494
3 10 493 240 166 586 941 856 567 123 949 565 712 994 653 658 367 847 691 993 746 786 275 186 439 578 23 718 708 200 926 726 444 232 102 136 196 872 477 233 548 250 546 596 30 153 590 629 479 333 459 447 996 322 278 628 215 400 490 296 458 317 227 154 37 152 74 750 339 226 560 385 501 853 815 38 998 592 588 359 515 678 561 206 594 891 147 637 918 580 19 110 461 428 631 418 893 334 201 216 764 530 419 948 611 340 848 460 636 49 655 318 304 128 903 646 443 981 411 861 614 858 525
3 7 893 734 151 680 162 838 362 898 266 856 213 456 575 41 292 507 813 715 644 204 521 386 710 243 77 22 522 589 689 376 426 147 197 641 978 258 332 267 814 525 683 76 29 504 490 784 373 446 963 793 334 392 199 70 635 807 631 269 113 377 920 270 590 861 355 714 247 785 780 406 988 916 462 604 428 385 271 859 692 756 620 444 290 186 78 182 435 805 639 704 869 584 610 510 902 466 117 724 912 880 453 383 322 655 305 84 773 122 457 349 587 241 459 883
3 13 589 700 657 128 775 818 405 955 488 604 573 458 307 879 737 558 710 906 26 382 603 255 285 819 687 326 207 61 401 365 83 264 219 220 248 521 735 678 520 440 631 45 893 600 546 572 786 347 544 450 396 163 87 76 103 542 377 773 606 616 141 830 516 942 196 557 507 433 807 75 702 64 408 510 929 367 166 871 158 306 88 232 704 728 913 55 122 39 580 617 638 550 320 223 625 714 933 691 137 927 152 31 229 50 361 89 134 898 136 407 983 765 336
3 10 296 268 361 955 851 416 663 443 41 824 154 553 159 793 900 572 968 692 865 586 229 278 823 413 755 651 564 143 422 845 263 174 881 654 427 97 288 411 559 404 334 903 533 282 323 178 528 749 468 966 328 187 608 606 746 267 819 502 290 436 219 406 841 377 636 240 652 44 741 318 248 957 216 493 750 344 563 68 521 165 257 701 911 623 1003 668 150 175 58 639 516 139 30 287 836 726 958 158 855 671 920 616 786 133 92 64 110 689 327 475 659 962 25 169 686 715 622 386 57 831 739 714 617 985 63 918 681 73 883 917 982 87 485 598 527 331 497 407 188 595 258 784 106 29 936 558 935 270 256 840 530 200 326 614 988 764 128 619 98 319 166
3 11 682 152 596 523 452 388 271 325 878 98 919 664 838 609 437 17 222 790 586 524 698 436 29 992 273 652 469 165 111 582 653 868 279 988 414 714 334 770 485 423 649 710 662 901 673 24 322 466 762 298 161 484 18 561 568 974 695 985 732 638 412 326 987 159 46 252 522 580 260 556 756 903 737 800 939 286 1003 94
3 4 756 929 17 120 520 611 415 494 84 997 667 774 665 609 83 668 64 426 580 454 748 937 722 127 975 183 788 353 823 651 457 260 70 469 511 382 230 879 488 85 640 441 424 146 846 283 393 803 290 579 380 223 193 319 554 291 60 266 567 838 475 871 256 191 628
3 7 724 77 825 105 608 551 805 708 450 858 718 341 498 314 255 763 827 543 119 268 946 18 348 585 60 272 930 474 150 874 923 567 738 931 869 446 886 23 437 814 581 92 238 904 246 376 249 202 583 122 346 69 245 435 831 284 287 452 48 449 21 74 306 699 145 209 218 539 627 979 970 836 554 582 334 215 709 778 1000 132 628 590 852 703 932 421 660 600 277 428 847 66 497 595 616 190 476 330 913 81 958 312 558 179 152 75 493 68 166 935 887 340 278 995 477 301 507 22 389 65 456 782 225 587 623 210 756 549 235
3 7 320 365 521 817 562 167 509 715 390 832 746 944 783 745 692 831 907 238 949 193 520 657 135 959 435 62 812 615 416 612 376 375 405 71 882 774 180 81 698 314 387 835 625 143 422 950 82 283 497 149 436 476 296 139 850 916 501 91 51 855 252 431 773 446 766 622 585 35 151 43 257 803 765 197 132 306 316 312 32 286 187 744 359 410 372 111 160 170 394 287 720 808 937 119 157 45 491 758 724 848 836 196 508 998 469 65 310 248 626 163 79 763 102 300 918 633 477 554 362 165 655 592 542 487 106 953 108 533
3 4 910 144 394 822 189 589 364 562 73 824 779 276 475 725 347 106 444 878 177 594 601 955 787 155 199 41 435 748 610 78 171 121 520 828 50 540 240 571 661 443 390 835 210 887 334 826 82 566 733 273 213 807 936 860 788 889 588 484 735 429 91 509 950 545 654 724 861 775 827 559 311 974 989 309 897 712 762 256 652 636 984 606 925 237 526 448 468 524 308 14 111 711 274 892 147 976 226 596 31 95 249 802 493 471 937 388 921 321 54 786 148 341 997 574 514
3 5 868 617 457 265 491 57 282 15 253 984 925 327 487 531 639 201 212 811 789 28 589 230 852 404 960 772 120 962 58 59 154 723 752 934 260 473 436 606 630 406 709 790 85 290 560 896 301 204 481 464 44 186 717 900 192 171 759 387 519 451 334 109 600 27 174 932 972 178 88 300 483 822 495 774 294 998 346 805 907 582 697 19 797 867 128 938 98 545 395 638 21 536 477 915 152 382 285 453 543
3 9 676 672 434 729 61 794 831 197 124 929 177 495 265 136 743 699 539 521 565 606 673 199 549 278 698 817 497 70 939 378 463 823 550 412 589 854 330 558 883 480 217 683 163 475 325 421 604 283 850 359 622 486 985 493 102 96 638 46 189 830 505 220 321 710 312 788 960 143 103 403 921 770 129 570 608 21 611 397 162 100 361 857 825 305 717 72 285 712 450 536 714 56 168 999 641 737 834 1002 147 887
3 8 311 54 26 247 428 333 18 646 351 641 774 549 104 562 759 70 346 849 945 153 232 622 179 761 278 449 572 423 126 304 702 119 977 174 783 605 631 667 229 924 366 889 485 393 420 250 623 243 972 583 173 295 928 209 713 806 227 446 469 827 566 110 932 533 884 902 621 486 731 62 913 670 203 460 830 816 317 854 200 77 578 202 856
3 8 29 209 630 533 50 624 372 638 161 686 665 900 536 700 537 133 958 546 986 861 872 118 323 31 62 929 458 391 727 923 262 740 722 783 107 518 952 760 446 951 491 416 338 578 828 309 720 911 248 728 935 575 573 502 667 922 992 157 743 455 156 48 834 909 644 96 283 775 236 265 362 419 268 142 385 1000 919 239 642 835 434 564 254 745 456 708 369 832 407 264 400
3 8 369 544 247 425 564 938 418 617 346 469 59 480 990 722 819 612 89 419 877 628 522 789 725 277 632 490 273 872 215 77 279 375 795 654 362 181 692 773 525 74 446 751 876 259 222 797 39 245 396 841 782 800 887 744 109 254 125 312 844 206 758 546 275 668 547 298 73 306 748 410 545 674 971 430 881 563 475 75 532 895 867 641 644 576 918 960 51 591 212 936 478 121
3 9 498 284 335 415 596 967 968 36 471 459 400 368 526 409 598 279 859 602 327 649 849 563 81 892 641 576 582 539 26 570 228 945 105 199 759 552 90 870 678 737 661 591 294 548 443 401 53 370 578 45 825 395 351 202 473 482 196 363 32 979 510 450 605 782 693 52 458 733 24 655 894 158 442 974 369 229 95 803 421
3 10 435 946 842 897 192 584 965 431 291 176 960 829 39 233 969 82 80 448 703 557 569 43 473 83 238 307 441 816 78 928 407 911 807 16 739 390 236 765 478 623 701 517 687 689 706 536 126 141 322 404 348 416 989 903 397 97 217 918 761 558 684 858 101 879 75 183 600 806 900 519 375 722 567 528 65 256 728 418 964 205 492 399 746
3 10 572 382 444 433 870 437 744 469 997 959 579 100 140 601 541 412 431 910 28 438 204 346 653 139 894 650 937 58 559 259 493 199 81 45 104 126 856 106 57 162 459 723 578 56 186 35 163 87 829 675 920 733 635 468 192 673 55 295 612 398 805 917 256 154 14 867 393 93 105 980 577 923 307 876 418 506 605 182 599 846 880 517 402 552
3 4 53 550 662 250 864 722 167 712 862 378 513 655 579 993 109 591 474 583 530 549 671 689 48 493 96 543 570 423 900 283 751 855 929 942 556 197 235 965 949 272 284 36 631 46 403 422 259 580 49 836 27 978 825 674 55 507 680 293 228 103 560 373 453 669 22 935 404 925 353 512 576 367 343 809 755 541 366 753 397 244 816 18 104 156 951 636 249 41 153 582
3 9 778 560 254 740 541 811 268 459 358 138 127 160 56 58 59 90 23 729 273 153 30 461 912 132 149 567 209 944 702 552 927 984 343 380 863 155 676 708 938 125 87 670 218 152 44 141 431 15 482 630 542 242 812 590 758 566 494 830 60 692 102 600 996 134 885 224 220 947 428 139 626 665 85 942 190 375 280 760 762 110 243 704 615 870 979 890 587 124 163 850 639 826 17 241 247 393 347 487 842 187 430 707 522 977 550 144 810
3 5 62 443 781 960 630 163 836 573 609 711 304 427 15 583 84 859 821 726 71 124 523 357 874 455 838 256 853 373 775 244 112 439 172 314 420 296 788 432 516 180 739 249 855 452 997 541 80 26 552 546 852 366 120 93 503 837 524 659 177 872 79 983 470 600 699 416 636 927 987 938 647 209 407 652 928 143 709 710 311 309 349 864 378 39 550 278 233 679
3 4 253 890 456 300 255 60 310 595 453 175 113 660 858 590 925 385 381 259 367 325 208 985 528 575 150 841 642 514 777 632 943 485 708 63 499 1000 64 152 52 435 260 820 109 161 836 635 177 698 935 232 553 313 35 164 806 652 691 534 649 395 583 661 479 576 387 183 824 369 707 303 93 897 420 817 69 931 950 430 286 282 719 689 702 761 295 170 690 335 604 562 720 834 418 185 238 269 842 929 734 739 554 694 901 200 701 878 390 653
3 8 953 751 568 139 831 1003 861 409 91 341 801 222 998 833 394 960 145 834 574 171 828 306 441 867 649 478 569 697 542 160 181 331 452 826 402 648 562 811 758 369 506 588 499 763 995 898 121 814 115 823 366 269 120 141 467 581 889 621 839 425 157 65 371 671 999 252 167 978 876 206 14 733 715 359 938 458 612 802 557 459 411 101 381 59 756 388 126 303 268 406 399 80 959 185 910 107 832 781 766 298 275 156
3 10 550 356 306 338 881 317 37 70 377 466 537 984 975 452 256 854 714 280 547 869 17 197 399 175 847 948 995 170 241 190 290 55 101 606 61 752 90 227 593 498 994 513 896 108 697 953 844 614 33 918 617 161 142 465 314 148 166 50 40 609 639 80 943 360 297 891 751 785 591 909 613 570 756 899 924 744 247 386 923 788 964 203 883
3 7 424 233 281 573 204 878 467 865 803 438 110 558 501 450 361 759 723 298 491 171 124 840 868 783 899 83 87 218 284 937 660 296 58 717 67 818 464 647 637 827 389 330 919 710 104 182 483 982 432 763 377 574 682 580 561 398 385 323 770 489 788 427 869 53 142 819 767 308 993 655 131 524 403 512 888 879 589 837 602 814 271 610 750 16 426 893 912 761 336 527 146 339 263 850 62 57 173 709 905 929 139 38 250 639 176 109 807 333
3 4 247 234 73 417 350 137 458 592 777 43 504 570 307 694 750 986 406 652 382 215 473 409 958 689 87 779 539 795 275 119 355 139 679 632 906 393 548 102 850 680 684 294 533 630 785 665 52 550 185 1000 300 499 118 861 147 60 252 304 790 1004 552
3 4 950 897 694 100 655 418 342 112 386 797 911 168 553 506 883 268 756 357 186 607 279 43 344 882 117 461 184 284 645 572 464 451 496 467 632 801 970 176 282 235 586 763 940 247 95 413 50 269 351 730 148 183 128 724 92 215 105 800 80 181 61 359 841 775 448 620 926 876 929 796 753 295 209 560 674 193 350 41 707 113 923 84 369 202 51 875 477 640 219 778 751 316 97 568 15 770 585 157 921 312 139 917 808 612 954 547 397 151 233 518 25 811 205 638
3 13 411 729 424 634 120 103 561 360 14 471 940 573 809 94 602 397 356 702 937 444 837 592 969 724 759 102 227 902 410 392 114 428 289 611 154 475 552 104 422 822 640 161 352 529 888 840 309 458 598 222 666 869 873 300 734 850 78 225 381 581 48 580 790 176 419 138 854 711 364 522 326 1002 590 322 497 75 668 374 650 906 608 928 911
3 11 556 602 211 529 144 491 844 940 170 767 662 690 897 923 753 558 236 511 833 297 220 995 768 596 274 807 327 516 707 111 848 928 330 367 639 145 479 199 446 617 989 60 68 240 423 982 560 710 567 272 958 725 215 277 419 891 271 251 394 90 471 814 427 317 258 968 340 459 615 653 203 152 761 373 334 33 70 467 381 779 824 574 105 700 823 288 611 396 926 935 166 565 420 701 997 727 784 468 305 461 712 851 570 829 348 80 41 195 625 920 385 342 832 40 746 988 390 820 999 161 84 463 36 763 224 450 48 682 894 465 764 179 956
3 6 168 120 861 48 926 910 266 893 129 64 61 340 707 313 782 760 771 681 623 899 296 567 501 184 32 245 387 1001 164 586 515 873 406 914 225 653 952 974 950 843 927 193 631 855 336 126 347 489 449 513 386 215 338 121 58 701 183 255 947 92 884 522 948 140 488 259 253 835 961 548 60 798 635 785 663 852 576 640 524
3 6 339 820 117 89 219 144 249 470 770 524 979 265 642 798 304 430 769 726 78 650 850 723 574 639 19 930 211 86 208 456 677 511 658 538 794 668 942 450 892 364 737 291 1003 542 279 619 110 555 973 253 727 583 906 935 848 275 104 355 576 423 226 904 630 501 997 42 408 182 866 254 629 451 183 213 139 172 544 720 128 196 523 710 114 702 911 910 640 980 999 205 59 995 369 816 233 932 411 454 67 466 986 810 821 348 725 512 672 317 520 914 684 527 835 711 401 127 742 616
3 12 319 987 722 794 994 880 44 266 233 1001 553 359 728 555 830 134 93 308 83 600 546 363 169 187 885 322 311 92 289 636 441 534 141 234 183 582 476 456 111 911 515 36 618 561 739 946 209 451 710 435 595 463 364 757 824 389 563 773 574 175 260 1004 681 996 644 643 778 369 958 876 461 229 143 468 76 932 790 902 973
3 6 129 652 314 539 651 565 315 972 925 453 252 624 772 975 31 875 944 923 200 737 664 371 586 571 480 750 678 283 94 656 533 713 722 432 971 17 137 828 856 128 879 703 593 939 803 708 688 716 855 886 839 707 806 492 51 122 752 189 712 865 154 114 994 176 758 95 919 506 23 78 763 673 494 382 639 286 563 860 26 768 738 587 835 438 347 470 220 277 454 640 883 452 120 940 695 131 938
3 7 200 532 285 301 279 828 708 607 754 325 659 82 394 65 389 281 535 73 441 585 206 170 940 663 876 748 210 376 780 825 426 110 945 250 842 513 153 890 630 424 765 660 591 335 400 464 182 416 803 954 303 245 616 328 326 151 770 323 393 920 596 738 88 223 864 563 122 56 302 337 977 497 742 134 148 115 109 952 793 921 277 506 54 188 969 917 140 173 320 339 918 305 175 481 111 75 482 195 128 374 901
3 7 555 398 273 945 751 997 73 638 878 705 856 568 296 63 211 875 247 721 99 590 55 501 832 506 897 207 201 256 362 267 591 205 809 270 461 222 670 572 934 367 577 67 307 432 130 600 737 170 569 435 672 517 32 377 179 630 916 446 772 183 39 740 339 603 940 789 982 135 996 28 585 325 80 656 103 926 146 24 157 814 141
3 13 174 151 971 775 572 557 53 605 490 317 390 513 155 876 290 199 894 787 963 688 261 95 504 501 619 983 567 613 639 510 292 882 307 233 603 962 976 712 485 48 788 315 888 117 673 948 464 663 776 715 189 790 191 454 694 802 475 658 214 973 223 704 615 304 215 628 994 559 871 289 995 665 815 459 353 14 118 808 92
3 11 374 961 551 851 481 473 256 517 711 594 642 943 33 792 615 163 566 524 794 504 793 43 732 946 359 808 648 844 362 836 357 48 169 212 581 190 415 84 439 951 498 506 144 862 246 662 560 15 390 135 89 512 205 602 914 404 18 675 771 31 573 465 764 369 299 910 782 307 888 277 583 143
3 6 763 662 464 431 296 382 603 235 922 681 30 817 771 607 397 556 148 948 523 919 668 596 53 803 710 940 280 754 552 677 673 331 129 641 538 536 546 562 410 820 674 732 115 261 557 365 687 765 1000 775 163 598 543 733 606 287 847 98 463 726 283 437 995 594 740 131 717 393 116 857 863 977 621 670 806 804 357 719 119 51 968 451 418 894 224 698 205 951 336 876 378 889 358 997 565 755 80 45 574 568 789
3 6 172 748 298 284 314 662 509 358 735 605 405 958 565 542 766 992 486 196 768 312 103 385 993 422 467 101 764 397 739 294 392 413 742 1002 200 902 243 669 653 227 938 19 51 847 407 28 256 818 439 138 731 390 130 540 620 632 302 72 93 894 670 550 909 973 305 112 523 139 465 334 682 415 668 930 311 270 478 831 464 881 873 811 674 177 712 367 309 66 524 113 536 533 132 98
3 6 498 252 882 346 511 595 960 341 965 673 378 475 736 470 876 36 73 891 634 433 413 989 255 105 902 907 827 399 521 390 648 395 713 283 373 37 20 165 366 46 953 497 420 956 782 564 837 170 39 727 365 350 932 603 867 635 770 982 14 381 96 771 720 828 693 97 451 410 149 232 482 748 254 317 674 606 167 948 887 975 833 994 990 75 195 326 441 826 728 1002 594 969 888 339 388 406 477 680 42 432 449 481 928 16 241 159 402 77 767 936 225 980 678 709 1001 436 122 509 259 547 753 946 256 51 125 403 474 903 439 896 142 491 649 242 379 171 955 469 520 478 517
3 6 406 746 559 848 752 248 178 811 529 421 250 501 25 1001 226 499 131 251 57 444 586 597 424 96 629 364 603 524 362 321 633 405 135 822 517 306 569 473 918 270 909 491 79 331 829 844 472 814 244 727 613 965 805 1003 152 379 970 669 146 604 828 530 588 521 873 762 350 827 119 365 735 550 742 502 319 712 860 47 323 74 49 88 198 641 511 134 891 356 877 317 403 977 329 148 605 638 261 572 450 881 458 799 675 568 315 910 526 143 664 643 668 894 646 574 945 750 721 174 601 611 128 626 612 980 93 679 164 737 987 780 166 137 825 892 488 41 616 608 232 112 503 816
3 9 519 515 798 226 998 714 160 399 69 300 236 870 47 676 290 700 225 827 398 81 838 316 616 631 186 73 712 471 864 264 448 375 989 795 377 696 163 214 945 760 125 150 847 369 587 613 593 524 679 974 45 890 173 181 994 951 233 489 635 614 406 139 48 976 525 492 903 779 266 697 979 820 606 986 425 101 572 830 746 231 592 756 440 574 114
3 12 779 628 332 468 335 383 343 600 745 969 774 805 317 727 756 539 52 669 797 913 190 723 998 987 646 406 595 978 56 466 557 651 104 576 940 631 200 717 358 574 297 314 690 218 349 143 308 878 42 540 665 103 817 499 442 210 116 684 834 897 518 811 510 614 39 789 64 598 893 849 513 850 289 569 720 810 312 62 529 352 725 902 338 125 804 845 548 345 635 148 253 403 506 749 50 29 404 41 763 415 168 153 393 363 93 277
3 13 63 394 358 812 803 114 800 651 992 593 201 352 765 277 697 94 887 380 795 14 924 316 86 874 904 427 566 632 435 693 58 734 963 580 205 127 710 312 526 246 267 136 925 678 890 124 140 629 544 391 204 797 575 606 527 959 537 1002 289 595 471 478 81 20 982 52 834 482 990 600 844 936 354 18 240 325 322 928 666 716 192 505 847 973 318 332 193 950 718 535 670 34 798 470 796 67 170 729 984 476 373 949 399 869 115 491 893 951 487 252
3 10 378 436 792 238 786 292 641 305 282 654 449 892 325 60 933 818 332 16 168 341 94 131 922 557 957 207 852 951 310 226 468 311 225 888 869 387 596 377 52 581 778 174 151 566 553 37 43 149 402 401 443 607 832 256 829 476 331 455 437 25 33 477 253 674 382 15 383 645 513 747 297 896 627 187 505 435 816 195 169 675 825 223 854 185 824 154 319 108 240 552 222 351 188 616 974
3 10 575 174 772 94 58 23 602 656 641 61 203 601 262 156 765 274 357 698 38 304 740 605 593 378 93 845 46 862 230 542 375 779 775 272 339 690 883 893 871 699 700 178 347 668 787 996 839 739 32 147 179 781 201 107 755 658 662 829 878 979 433 734 527 66 930 788 153 715 243 869 708 732 114 480 200 711 297 792 859 43 971 909 645 785 166 865 799 813 191 737 224 653 137 154 806 338 246 810 952 519 27 495 798 959 832 269 394 344 131 729 416
3 8 973 428 974 79 357 107 857 273 471 140 998 114 338 270 141 891 406 504 663 902 298 279 448 536 261 676 156 909 814 578 43 972 228 870 402 231 728 817 382 926 822 662 707 811 426 32 614 267 742 562 574 631 535 419 224 76 366 795 555 217 512 219 274 590 766 186 602 898 129 498 105 904 307 407 461 541 144 300 922 27 56 435 623 58 354 705 941 196 787 984 277 201 384 152 996 933 854 82 367 292 460 934 69 616 237 572 611 981 20 480 90 341 962 582 943 945
3 5 581 119 218 908 486 88 397 322 222 932 951 468 90 806 838 395 502 506 124 478 388 904 444 982 941 588 153 14 324 693 103 564 929 46 899 76 729 518 895 382 30 445 745 787 885 256 822 49 208 661 42 463 61 725 970 299 262 409 157 93 792 574 786 675 743 217 344 992 529 400 687 146 963 909 20 43 546 386 858 283 972 547 844 864 576 474 252 483 34 856 919 251 104 498 368 598 830 723 821
3 8 186 472 412 916 760 862 807 90 281 914 733 178 175 125 867 674 79 192 22 521 755 772 476 138 38 103 462 620 524 224 654 71 260 331 45 664 647 277 560 360 368 851 284 695 352 55 655 715 819 81 844 140 359 972 644 612 996 947 168 966 135 391 642 992 244 41 26 901 467 893 802
3 12 392 191 655 850 521 709 939 942 430 678 99 771 343 578 479 661 653 73 217 172 961 322 406 295 244 471 735 921 366 576 898 604 846 112 895 712 156 346 263 246 689 806 543 167 404 455 159 635 361 249 194 198 690 548 256 257 94 863 368 723 183 736 363 68 931 714 525 881 962 892 711 967 519 600 390 230 497 702 517 91 888 568 473 20 434 918 545 306 960 993 78 648
3 6 415 319 912 314 951 372 611 539 685 466 579 474 558 240 717 197 503 935 732 636 178 836 210 972 948 978 763 557 725 116 480 570 914 159 164 196 432 348 293 521 622 129 938 659 424 682 849 826 450 123 295 716 898 893 367 460 772 647 130 418 769 187 664 814 400 393 167 360 903 278 514 458 656 269 471 330 545 942 375 157 507 289 17 981 100 202 145 182 115 200 366 324 378 967 441 838 444 230
3 8 43 767 617 252 45 179 953 189 372 483 856 293 872 534 858 993 37 417 676 764 744 845 957 347 198 154 20 432 574 624 678 251 518 591 931 325 780 351 882 493 121 194 742 405 126 843 239 989 305 778 928 328 428 688 923 879 976 819 363 751 942 310 915 774 260 848 180 638 998 995 475 738 25 854 128 700 216 416 996 191 921 960 542 195 967 441 368 694 374 595
3 8 870 276 596 517 885 496 277 839 632 166 530 89 957 406 130 57 959 561 251 625 788 982 454 981 906 880 586 926 45 601 259 455 387 995 640 346 60 622 112 850 420 602 300 145 370 279 743 186 160 157 734 290 803 806 310 444 388 954 518 593 751 547 871 717 304 659 396 720 662 495 769 582 813 723 223 332 377 930 773 246 876 460 633 796 463 262 426 594 588 198 187 268 711 889 371 409 446 260 451 402 36
3 7 401 572 678 898 328 691 214 587 129 563 916 755 712 257 896 593 128 263 194 279 389 239 335 445 42 727 133 527 240 750 955 912 907 236 349 521 91 29 508 350 814 803 136 592 624 234 370 735 267 244 151 841 427 585 925 365 142 756 730 409 711 357 154 743 106 336 152 966 291 185 696 766 367 870 725 792 918 740 965 767 1004 989 945 283 690 158 30 385 329 617 534 407 899 339 600 404 308 763 611 250 1001 805 228 983 702 118
3 9 805 73 578 309 93 155 949 592 285 456 321 66 700 646 465 179 419 415 253 865 868 217 907 212 653 78 860 871 313 533 853 501 513 567 169 200 834 971 534 72 127 748 276 47 553 629 856 403 435 688 107 757 623 496 569 386 258 476 471 479 681 255 841 307 808 625 359 94 706 995 859 140 332 626 509 723 776 844 121 666 493 351 443 259 269 563 750 447 430 118 381 99 394 840 90 548 800 884 139 778 857 631 448 747 185 192 538 365 717 160 417 542 182 606 610 1004 206 194 1002
3 5 647 161 852 585 600 677 752 957 569 840 737 702 166 788 131 729 234 349 318 997 968 557 662 300 539 880 27 897 187 882 601 135 756 790 759 972 850 929 82 451 78 132 808 270 747 285 642 147 761 228 353 670 939 517 648 750 119 940 830 226 533 635 175 432 500 296 384 520 204 861 411 963 72 50 167 412 501 767 129 906 224 221 471 29 866 825
