2 13 11 8 12 4 6 776 225 297 395 305 348 873 301 525 739 683 19 44 766 252 394 38 179 967 363 830 791 706 914 783 107 84 303 915 426 463 834 635 359 519 974 132 119 885 845 50 112 611 511 842 20 986 492 673 257 69 693 208 808 231 131 392 872 228 360 246 722 146 100 991 737 154 976 992 560 659 346 584 475 540 911 835 236 701 142 970 629 295 424 925 902 70 633 750 937 235 810 910 137 361 886 762
3 11 7 12 5 13 9 818 946 798 685 672 161 359 935 956 545 889 697 338 244 552 835 595 563 663 438 381 301 725 375 529 621 546 413 306 54 847 777 322 618 487 515 892 729 248 617 323 752 542 57 873 653 327 71 122 726 48 337 635 709 939 866 47 588 339 382 592 183 152 707 439 812 751 691 392 581 634 553 746 466 1004 425 688 148 97 807 504 321 561 734 582 998 865 677 642 238 784 987 830
2 7 5 12 4 9 8 698 801 655 977 813 583 204 419 22 286 23 799 643 571 147 702 595 644 77 552 961 822 333 217 480 213 348 478 871 671 180 332 920 853 914 162 533 695 154 722 514 965 942 232 817 759 743 493 132 855 390 874 944 562 652 26 787 907 93 802 325 444 374 518 636 851 463 691 707 635 718
3 6 7 10 11 12 5 477 284 331 40 627 136 942 893 828 533 502 926 261 629 542 195 894 557 695 728 902 968 185 501 364 521 448 450 1003 623 667 320 285 616 102 651 996 42 376 710 475 100 247 569 300 918 296 324 897 911 423 395 152 445 344 798 956 520 726 709 244 954 981 172 708 220 805 30 940 36 484 841 644 978 652 958 859 587 704 485 415 493 681 832 692 877 431 328 668 596 659 862 767 538 311 735 874 661 1004 512 351 76 976 928 61 505 361 408
2 4 13 11 6 10 7 65 576 204 267 928 227 692 15 172 130 534 429 855 684 551 450 594 752 617 782 946 791 111 670 672 845 107 858 149 675 648 191 133 886 875 908 685 307 271 279 286 746 342 543 968 900 127 798 880 582 460 515 251 553 445 596 983 792 324 48 427 833 57 989 243 241 763 312 988 202 861 923 393 237 532 535 506 924 311 590 356 614 895 488 423 951 852 68 960 134 376 161 333 518 54 440 913 860 418 892 687 754 811 789 787 898
3 13 12 11 4 7 9 425 770 432 189 753 830 846 423 201 197 277 718 939 558 903 711 227 726 413 1003 470 98 362 211 742 51 894 199 604 366 94 982 249 591 791 901 595 733 478 798 708 203 699 772 386 897 273 906 487 704 243 348 224 674 945 269 518 534 621 295 883 115 562 810 127 766 626 588 232 843 217 210 498 529 223 377 676 48 720 979
3 4 13 12 5 7 11 91 236 250 592 315 263 842 678 562 184 991 572 262 94 936 862 19 304 854 487 257 360 413 273 130 24 392 229 784 399 636 231 853 124 533 100 836 98 462 975 264 333 887 884 986 922 93 230 774 574 332 534 465 932 857 698 942 796 992 492 311 501 279 869 944 147 740 205 509 224 656 50 61 135 334 821 350 159 187 877 728 373 293 730 67
2 8 10 6 11 9 12 821 881 888 218 346 724 700 345 179 950 628 892 978 580 879 990 495 885 194 407 839 533 996 733 482 215 988 230 698 198 656 326 834 336 155 90 403 726 574 289 869 450 864 14 443 751 332 506 335 430 968 526 675 517 570 386 466 91 428 984 251 78 635 921 292 1002 109 743 380 805 75 519 707 598 30 792
3 8 13 9 6 7 10 705 871 244 838 498 521 49 933 129 776 312 92 923 944 695 950 496 403 500 581 713 161 851 812 41 392 407 390 780 815 725 654 587 715 347 288 31 832 441 293 655 320 661 290 215 569 420 582 80 609 591 934 355 784 128 764 473 894 300 309 198 547 146 916 993 381 508 406 394 691 184 426 760 224 596 467 261 17 835 517 956 384 673 75 692 315 688 972 74 676 728 19 830 71 878 720 283 117 277 598 564 753 824 509 153 821 732 528 912 857 252 847 577 914 664
3 4 6 13 12 8 7 962 15 794 359 768 347 902 516 656 41 883 861 451 726 320 748 565 961 538 597 398 906 66 120 903 645 882 159 373 891 531 799 380 195 17 324 923 86 179 138 151 455 390 745 862 295 893 836 492 490 449 132 270 999 111 275 234 585 387 662 668 966 649 386 147 333 553 623 661 790 236 470 326 408 622 35 569 335 485 249 498 374 705 641 559 409 876 929 318 877 826 837 450 315 524 180 150 664 350 400 457 997 464 690 478 630 666 576 418 394 944 1001 660 279 672 886 423 584 756
3 13 5 6 7 4 12 410 220 850 381 225 75 185 519 123 430 581 760 715 494 920 552 129 400 690 319 835 167 485 887 735 380 472 293 201 728 517 537 65 733 205 584 747 483 441 354 986 550 43 307 577 682 877 722 829 486 745 993 248 48 61 775 391 62 93 942 969 653 866 557 426 455 711 769 608 764 917 420 165 871 118 997 182 355 981 679 909 860 724 659 408 553 610 859 664 826 891 853 727
2 9 8 6 12 13 4 276 665 613 552 894 165 909 539 61 644 749 521 497 729 831 602 30 598 120 638 648 628 283 307 472 543 914 345 443 267 282 214 466 228 339 33 609 695 545 168 664 195 448 1000 249 680 200 553 421 901 919 730 625 457 907 498 645 791 219 377 921 102 633 327 509 872 934 937 317 362 272 861 896 46 47 141 912 526 973 115 139 821 304 254 406 378 836 987 388 722 978 117 201 975 186 773 604 624 817 922 618 293 136 154 529 322
2 8 11 9 12 5 6 32 310 42 338 470 18 93 249 735 404 53 894 719 431 522 557 600 869 723 592 211 694 352 414 280 917 289 616 16 37 830 232 169 902 258 434 716 682 527 191 111 188 887 235 618 507 353 415 629 514 962 862 85 803 648 264 884 374 17 129 503 877 731 820 378 71 943 816 991 335 546 699 903 185 370 536 863 475 497 776 149 870 197 339 30 787 174 665 299 793 645 248 637 554 518 861 150 729 552 24 445 587 644 463 94 847 436 652 255 585
2 4 11 9 6 7 12 425 913 912 46 390 766 643 108 365 261 146 194 524 106 937 277 145 714 130 171 575 28 796 204 207 291 31 164 303 61 503 856 201 725 224 439 112 756 489 400 656 527 412 445 960 384 685 842 94 307 369 187 780 835 627 644 178 538 435 393 647 553 317 79 295 86 53 568 447 388 283 232 16 95 433 743 733 299 865 316 304 542 484 908 399 74 678 83 374 376 690 972 361 39 727 734 184 989 660 705
3 5 10 11 6 7 8 127 821 407 73 433 688 277 662 165 775 48 746 474 461 383 651 878 986 496 40 940 306 570 643 49 811 249 460 213 390 691 155 339 970 573 305 626 710 668 428 28 389 766 417 894 698 879 810 605 659 451 931 252 798 329 912 136 95 751 482 635 170 743 872 207 69 257 987 633 843 372 457 836 363 857 341 660 689 216 67 716 161 942 731 733 378 720 263 194 920 181 123 725 680 869 285 286 762 958 580 238 471 740 778 717 354 526 250 883 713 405 859 387
2 8 9 13 5 7 4 852 781 83 287 505 140 814 654 313 630 640 977 176 928 477 246 327 695 411 958 719 522 922 538 705 465 242 415 460 845 578 431 101 468 718 711 912 95 254 721 676 410 586 154 181 353 406 981 293 471 213 115 779 160 70 826 605 43 264 808 37 638 359 851 917 71 20 485 552 801 197 727 816 89 905 831 126
2 13 9 11 10 7 6 131 424 269 57 195 750 179 385 840 643 910 900 847 537 495 129 963 601 831 376 784 685 939 789 209 126 475 192 659 610 970 292 361 903 711 405 40 954 491 828 926 58 872 262 67 294 448 943 520 719 420 971 409 453 204 90 876 354 754 749 45 133 148 736 721 72 188 535 529 518 146 175 282 680 670 112 60 822 790 826 693 251 937 677 991 812 410 346 74 687 348 927 404 694 894 452 763 775 941 308 226 603 745 408 350 707 515 363 297 944
2 10 7 5 11 4 9 298 770 977 228 424 819 113 595 604 333 949 969 83 764 784 431 539 388 169 826 925 69 870 580 59 23 175 672 934 411 729 53 366 177 655 957 74 575 154 689 164 130 792 892 994 611 46 77 903 779 646 901 787 358 233 447 501 697 441 19 392 691 696 179 823 443 622 355 110 504 378 1000 695 230 325 512 222 491 540 286 446 952 702 319 238 652 190 234 259 217 560 827 684
2 5 11 9 4 12 13 187 730 235 100 126 842 403 688 254 787 888 444 476 22 809 858 312 874 722 584 121 582 460 383 289 821 167 551 568 605 57 97 77 771 222 543 306 669 139 211 706 696 847 679 653 195 132 837 601 562 600 979 439 992 942 249 227 995 693 797 60 978 500 869 720 225 127 959 498 152 216 226 387 369 973 752 33 813 695 318 265 647 731 890 961 665 90 683 248 737
3 9 12 8 10 11 7 645 857 122 503 70 866 258 597 733 924 231 325 593 914 171 660 643 30 614 445 469 811 196 267 123 690 223 895 384 677 598 444 496 464 599 368 250 413 642 719 949 61 436 45 925 381 673 396 305 362 132 777 100 374 236 995 652 639 584 596 260 42 97 277 996 792 514 249 779 354 226 841 901 435 753 53
3 4 13 8 9 12 6 1003 893 33 853 23 279 319 891 623 30 433 858 823 46 411 421 885 756 610 437 378 181 976 637 688 731 372 606 155 304 465 498 704 501 785 966 344 531 69 27 207 396 124 946 424 645 589 392 451 353 368 371 494 226 84 627 484 612 952 435 907 855 994 524 253 750 229 231 535 676 926 554 351 245 282 569 620 673 454 954 866 799 732 422 28 838 203 793 863 600 621 312 776 516 387 213 571 604 636 813 533 121 263 29 399 457 134 546 608 393 780 552 193 790 417 248 401 712 410 482 176 538 365 514 247 425 854 981 585 792 157 291 189 847 828 20 551 481 849 298 354
2 9 4 12 5 11 13 426 104 54 623 282 452 954 324 613 538 117 246 407 118 824 807 488 844 388 474 736 891 378 47 712 502 351 133 790 722 576 657 57 980 825 817 444 530 398 194 199 775 789 868 639 485 53 808 684 699 221 382 962 926 634 93 321 368 103 720 358 158 217 518 866 131 717 299 273 326 405 184 191 801 51 928 756 757 227 331 125 597 256 853 242 338 120 827 434 913 510 477 149 793 788 528 490 430 334 911 659 19 18 200 721 631 583 106 470 311 585 85 448 667 988
2 4 7 9 10 13 11 413 252 22 901 888 264 822 83 430 276 456 560 250 172 920 106 448 178 145 377 724 125 107 638 418 16 204 715 432 732 857 154 613 144 49 332 263 831 564 546 308 422 243 140 890 573 885 429 181 343 847 1001 210 965 130 442 748 599 281 626 240 260 410 17 943 859 657 71 790 544 601 292 786 725 495 403 918 462 328 662 161 621 970 849 138 389 212
3 10 8 9 7 12 6 100 917 581 55 807 440 122 137 368 717 82 424 980 88 762 970 750 457 387 649 690 404 278 575 722 563 896 991 419 522 778 855 571 309 715 953 156 610 246 639 706 591 285 989 421 555 377 223 21 863 39 603 43 572 525 61 829 468 206 738 822 875 115 410 814 380 370 712 562 508 521 966 442 979 330 616 301 846 604 856 164 237 454 304 383 667 152 730 767 283 703 353 645 430 444 990 983 976 389 658 972 803 150 167 789 181 978 940 346 697 637 961 596 564 227 902 503 179 271 745 197 56 528 910 982 65 98 391
3 9 6 13 12 5 11 766 311 516 345 192 997 481 419 151 58 457 48 936 98 483 606 140 513 948 785 154 904 95 694 641 988 887 147 648 720 106 322 949 731 737 367 277 761 26 171 880 777 319 410 489 328 35 134 659 829 362 450 193 931 838 414 667 250 342 826 493 61 576 618 790 579 930 510 593 551 834 89 139 318 943 555 257 112 187 90 833 923 464 302 294 488 127 293 730 540 475 262 172 468 905 951 543 324 332 255 714 704 83 775 796 624 920 253 304 723 693 125
2 8 7 11 12 13 4 625 42 746 950 293 444 550 333 622 899 570 155 310 220 654 292 540 989 747 723 849 559 745 242 751 445 401 277 697 984 494 486 808 914 788 680 138 75 353 196 301 317 580 806 826 658 825 646 995 790 60 126 800 125 245 731 363 588 718 510 702 282 421 371 927 166 408 933 502 191
2 5 8 13 10 12 7 241 669 670 977 398 332 801 331 802 29 216 235 919 746 412 223 896 517 842 131 270 349 177 634 616 971 560 552 565 847 686 883 665 749 655 433 804 318 116 322 667 566 23 402 415 148 861 834 795 638 845 540 543 668 423 221 61 506 564 685 675 821 329 186 629 118 962 179 47 603 101 740 730 474 661 392 35 339 64 835 170 989 547 767 427 580 92 212 134 1004 14 448 691 688 321 578 633 983 701 151 966 104 351 631 649 972 347 359 596 872 714 274
3 12 8 9 5 7 6 866 771 765 188 472 440 185 30 270 419 980 133 751 910 335 777 190 307 908 891 284 464 395 938 890 876 716 242 916 275 434 849 594 231 131 239 372 645 843 837 514 812 748 930 599 155 875 977 368 364 851 616 545 701 606 37 823 460 944 721 995 641 192 114 369 271 412 821 85 568 308 17 266 762 862 549 325 455 680 573 261 181 148 435 883 129 793 447 712 458 469 204 867 347 644 813 249 819 564 110 709 734 973 781 84 530 572 690 629 471 912 561 805 576 807 350 73 28 214 602 998 297 211 978 503 651 93 763 899 132 1000 198 663
2 12 13 10 6 7 8 281 968 570 190 787 298 729 180 615 913 111 860 706 164 192 580 825 597 815 511 568 669 367 953 117 149 90 138 816 414 362 95 487 606 449 539 928 789 809 555 214 667 633 972 140 909 116 833 148 123 45 295 334 422 387 863 786 267 317 948 685 182 617 577 969 283 886 800 493 89 175 794 739 460 363 122 976 761 756 868 408 806 393 115 52 930 466 854 862 110 335 788 728 237 188 319 70 329 661
3 10 7 12 9 11 8 356 267 863 255 419 873 57 409 908 403 668 788 205 969 922 683 961 407 86 352 83 779 925 303 957 401 463 473 676 638 216 189 702 567 48 332 532 495 108 467 215 887 471 187 477 715 753 29 913 737 452 312 716 90 484 155 331 920 752 898 783 482 116 967 935 954 253 274 879 928 806 52 984 149 658 722 72 592 107 720 98 667 824 624 558 450 840 281 728 946 862 981 803 122 780 34 53 73 372 627 105 241 542 251 643 212 32 714 17 727
2 9 5 13 7 10 6 243 915 489 464 639 605 312 699 246 230 843 398 120 221 766 955 419 43 755 725 236 676 729 143 863 415 88 263 54 160 332 957 87 713 1000 728 942 124 50 416 681 839 125 838 145 336 820 767 597 183 499 758 756 830 546 612 990 953 42 27 634 856 826 853 81 326 799 374 920 267 215 813 29 122 864 165 220 899 254 959 807 574 317 116 958 161 102 399 770 622 86 368 823 283 794 993 818 994 604 253 367 213 540 654 847 19 833 765 875 26 800 309 154 662 752
2 13 5 9 12 10 4 50 387 1003 167 119 521 584 1001 282 124 72 729 330 898 185 101 304 602 762 917 684 572 855 187 212 642 816 295 918 835 452 581 398 718 913 542 142 940 354 655 146 153 29 556 461 942 481 613 45 579 841 383 516 815 486 511 834 524 538 999 657 558 176 407 371 705 251 226 565 589 191 161 363 981 232 905 60 89 508 676 404 136 832 980 426 217 464 359 357 549 935 648 945 92 163 190 829 652 88 494 960 291 953 314 574 400 983 820 779 845 624 475 610 638 1002 269 819 690 580
3 13 4 8 11 7 12 34 212 612 1002 350 633 900 207 122 144 184 907 256 31 239 632 681 68 204 243 546 738 378 205 436 443 29 678 715 298 208 120 248 247 21 946 995 893 262 155 232 635 389 230 526 86 511 835 253 111 574 347 329 152 172 131 601 100 978 216 339 533 901 667 203 746 588 690 825 102 252 431 767 924 45 41 875 496 619 108 341 604 577 158 992 116 467 98 727 770 36 659 181 213 916 759 828
3 5 6 11 7 8 4 745 623 996 962 663 915 956 27 995 749 941 82 752 87 393 576 123 292 270 127 955 376 69 997 109 760 364 719 493 510 531 592 23 402 186 479 380 827 682 67 341 975 301 142 336 466 363 80 618 75 647 816 445 801 481 541 374 415 939 335 828 138 25 862 779 287 851 728 390 620 253 140 61 157 876 632 412 42
2 8 13 12 11 4 10 910 33 580 747 178 599 164 304 479 48 605 745 712 437 507 374 827 360 654 46 137 604 983 351 381 136 688 476 923 570 407 87 67 309 792 291 934 785 959 784 879 125 241 799 172 234 710 203 697 998 581 139 345 294 271 439 117 709 29 961 927 772 963 527 380 867 307 475 977
3 5 8 6 7 10 13 751 575 458 574 454 590 21 522 341 405 945 768 540 731 559 115 856 896 495 473 595 724 622 191 261 409 24 277 407 828 779 525 226 323 776 216 385 769 688 713 535 463 605 715 556 625 692 893 82 866 679 545 60 66 30 742 748 253 790 58 239 173 464 815 615 475 804 219 966 987 829 446 246 354 230 773 920 505 53 345 123 67 582 132 279 784
3 13 6 7 8 9 5 372 637 477 81 294 427 338 237 422 250 386 430 242 508 612 146 839 205 279 277 928 104 595 470 837 894 725 733 74 498 743 941 91 832 466 101 206 903 112 318 543 481 491 765 381 974 918 260 471 800 90 644 996 537 451 618 706 884 573 898 219 742 804 415 995 559 825 547 769 126 943 169 326 115 407 207 499 885 60 536 398 20 469 391 150 95 608 990 746 569 953 426 653 902 880 895 641 87
3 10 7 9 13 12 5 930 374 568 44 463 871 326 788 650 771 339 823 229 966 529 437 1003 733 386 212 810 367 318 523 1004 322 960 673 109 880 865 37 220 794 144 702 403 107 923 184 472 754 483 337 297 330 120 735 390 697 439 604 736 504 186 193 849 488 316 654 912 235 82 423 578 26 846 836 149 664 21 554 405 347 588 237 137 102 282 776 348 714 194 317 907 759 260 945 974 259 797 60 278 300 263 630 93 166 665 991 30 545 928 913 293 132 143 726 385 209 805
3 7 10 12 11 8 5 460 614 910 25 239 617 457 691 353 20 183 784 139 327 530 336 753 173 659 863 782 115 107 966 78 284 75 645 63 886 860 945 960 445 703 828 855 372 796 447 837 664 908 434 531 555 729 313 918 410 985 510 368 237 934 835 907 721 125 354 118 43 45 942 858 711 582 289 404 320 441 88 412 681 764 142 884 980 200 303 545 244 610 483 175 775 914 254 538 356 926 956 268 964 329 129 133 520 517 543 165 526 724 560 613 308
3 4 5 6 8 13 9 875 858 507 608 747 600 701 959 38 385 88 96 169 941 238 594 290 384 764 340 832 37 430 232 236 133 661 682 128 33 125 71 363 956 352 927 545 76 992 22 838 566 103 721 414 293 443 829 134 980 1002 890 769 972 776 688 230 912 910 306 834 297 945 224 617 763 298 449 613 826 961 823 333 109 256 411 251 478 694 939 43 222 802 951 250 479 948 438 909 836 515 782 610 291 195 902 64 804 815 884 527 241 253 21 555 727 817 191 371 997 324 346 851 509 665 329 284 964 89 577
2 7 5 13 10 11 4 856 766 621 651 730 670 623 339 363 952 97 948 67 711 857 673 466 247 579 983 260 485 939 182 88 529 515 173 788 169 389 317 984 615 592 647 532 335 451 834 165 342 209 439 635 943 982 284 225 752 483 492 422 537 729 830 155 452 274 540 98 658 976 278 553 252 739 853 133 109 474 625 1001 915 764 509 356 31 226 353 695 662 424 456 224 460 582 115 631 380
3 10 8 9 4 7 13 130 608 722 721 419 320 202 530 280 982 157 237 120 112 60 470 592 814 974 842 164 205 519 169 102 238 740 542 805 710 49 736 891 300 637 618 351 180 361 159 458 692 391 699 350 376 162 851 941 511 29 383 108 623 585 841 179 725 405 170 928 248 44 868 155 298 20 635 917 53 921 81 411 249 379 695 333 427 884 442 619 140 380 552 355 19 220 802 88 341 718 540 942 461 517 370 337 340 855 895 456 299 537 513 551 30 15 52 664 494 957 934 1004 704 535 959 737 824 174 582 911 555 548 671 214 56
3 6 11 13 12 7 9 1004 750 470 770 25 841 695 539 702 700 573 403 279 862 944 998 867 516 883 485 534 384 762 66 833 658 763 86 488 783 47 872 791 543 662 672 600 787 392 32 865 356 123 235 286 446 315 858 747 336 150 220 801 988 127 329 825 92 212 328 287 266 617 140 781 93 673 427 443 879 945 504 133 156
3 6 5 13 10 11 7 386 489 593 298 409 51 901 684 438 637 58 823 393 535 964 607 20 556 550 211 581 511 953 64 198 206 448 916 669 306 553 55 734 518 500 79 229 71 733 713 845 277 269 700 522 715 402 47 852 626 812 106 610 411 690 617 192 840 200 459 40 271 663 435 517 292 835
3 4 10 6 12 8 9 497 899 185 875 722 968 328 752 378 152 334 646 860 818 67 318 822 110 136 602 543 914 588 850 877 537 426 299 522 202 424 800 876 618 643 416 64 935 54 174 75 402 440 811 436 33 988 333 371 954 841 394 399 771 541 790 442 926 682 909 851 833 738 236 615 978 145 711 762 159 367 710 785 464 100 523 58 535 910 740 925 246
3 8 7 11 12 13 9 76 827 17 70 753 799 734 763 546 624 563 52 214 182 666 561 386 228 154 788 714 149 778 405 722 304 139 308 84 970 143 720 671 205 786 230 129 408 690 572 746 520 419 818 874 760 134 48 717 883 607 705 831 122 67 904 599 976 754 481 37 503 896 920 962 413 227 241 861 662 642 306 899 764 446 562 903 891 40 169 447 324 530 187 713 590 476 716 468 311 320 220 938 639 119 113 679 805 124 993 701 400 318 246 359 892 950
3 13 8 7 6 9 4 555 425 893 778 483 714 565 46 910 148 320 234 296 486 829 416 964 911 768 774 812 407 551 537 633 112 200 485 404 804 351 847 406 659 301 782 248 398 984 488 314 184 973 446 322 275 766 790 562 171 762 23 107 77 859 819 439 147 321 534 91 941 799 244 117 141 401 905 682 712 417 183 196 514 299 241 524 618 881 611 584 405 427 934 654 676 374 835 607
2 6 5 9 13 10 4 260 902 614 718 794 898 558 335 368 391 687 90 896 947 261 427 507 530 881 805 482 195 527 361 592 617 208 927 879 626 887 600 911 700 179 693 187 832 632 205 54 670 200 789 278 544 159 392 403 215 695 772 173 501 26 787 72 24 437 586 512 300 393 572 439 689 355 726 936 290 735 144 619 136 479 797 213 580 338 744 292 149 946 345 812 961 804 523 843 140 189 831 395 758 436
3 9 8 5 4 12 11 280 46 872 187 292 425 791 915 534 937 695 583 565 322 519 381 716 940 522 424 40 286 929 542 163 56 171 865 167 467 165 436 626 668 277 430 472 365 177 98 158 627 416 198 202 743 304 852 878 49 63 986 356 895 251 652 268 346 785 279 606 595 533 274 805 919 688 433 596 185 335 371 391 933 70 306 834 136 889 135 307 741 151 650 931 978 152 393 35 703 961 130 677 774 947 809 968 111 581 551 143 663 552 510 957 964 50 350 357 674 296
3 7 13 8 9 12 6 776 451 875 105 24 449 849 250 362 902 125 158 401 917 651 779 288 53 405 433 671 118 254 467 793 115 667 478 82 973 555 858 34 752 471 409 114 735 484 676 303 900 214 521 550 738 607 72 547 540 648 561 333 800 395 123 683 392 525 933 630 743 209 604 98 855 485 995 83 55 379 815 429 465 237 833 497 195 662 149 893 569 577 483 688 236 29 673 64 489 171 660 45 510 345 468 279 390 257 427
3 4 12 11 5 6 9 280 647 480 874 274 466 396 817 129 674 608 676 504 953 580 451 639 678 43 461 827 844 623 556 386 33 395 700 788 165 982 508 267 841 80 535 459 44 609 979 139 277 517 579 355 795 515 701 544 305 783 808 179 977 655 814 494 666 839 455 996 413 260 294 221 209 208 530 266 232 437 591 897 887 372 681 658 862 818 149 311 590 941 667 411 845 403 584 522 603 856 742 575 585 497 135 242 957 62 969 283 307 371 414 847 157 744 121 196 460 898 936 470 444 804 194 582 273 235 539 926 607 741 597
2 12 11 5 10 13 8 344 52 757 547 197 746 203 552 768 247 29 148 41 211 503 413 550 610 568 863 807 833 39 215 71 136 640 510 574 984 95 387 891 868 19 562 469 331 199 185 695 936 771 929 859 563 407 279 678 408 483 901 224 225 118 824 514 223 838 874 777 990
3 4 5 6 12 8 13 453 824 79 816 609 735 268 644 739 985 980 97 706 894 419 973 955 619 387 776 349 133 449 748 983 358 762 575 818 670 563 261 925 320 71 595 899 114 803 400 647 25 345 186 485 22 456 386 773 916 673 806 846 630 796 834 360 892 86 329 135
2 13 4 6 11 10 9 603 286 150 211 456 140 952 762 151 732 499 765 246 668 69 992 883 177 25 260 444 534 213 240 819 719 655 146 282 119 472 392 601 388 529 717 168 180 761 343 399 125 549 722 506 579 220 595 634 454 509 445 429 508 610 292 359 365 976 696 922 785 692 495 865 877 783 109 479 378 637 276 753 138 701
2 9 8 11 12 13 6 293 255 663 552 724 161 310 703 290 530 434 701 705 421 509 157 550 898 615 1003 813 557 862 254 449 283 914 88 268 216 64 901 214 981 640 745 651 823 165 477 487 308 52 568 975 395 305 401 269 275 23 778 894 333 163 949 481 864 518 425 907 946 490 71 638 545 883 353 504 963 750 948 908 351 33 619 825 148 408 241 641 113 548 984 185 657 259 104 515 606 769 46 346 451 476 452 622 770 226
3 8 10 4 12 5 7 948 406 666 361 444 936 536 362 284 768 168 282 987 645 346 65 199 584 225 886 555 39 632 383 759 161 945 331 174 136 593 572 410 339 516 322 127 603 430 961 756 811 474 262 431 409 312 452 59 37 829 280 500 862 185 450 845 620 338 425 745 357 871 533
3 7 5 6 12 13 9 82 697 731 767 520 713 47 254 728 969 146 343 116 1002 650 123 498 971 619 525 906 224 464 341 796 380 235 484 566 841 540 529 332 975 159 452 150 904 671 608 526 610 401 640 522 646 81 483 693 921 301 932 388 415 353 273 76 194 306 802 226 44 863 376 851 888 85 154 929 739 20 509 480 230 277 476 43 736 613 422 192 470 837 364 892 105 160
3 13 8 7 5 12 6 145 144 796 306 742 108 231 160 122 403 495 201 934 846 953 574 869 139 728 330 16 331 67 399 278 908 445 117 474 300 614 753 367 376 835 871 964 431 86 845 592 242 95 408 131 600 909 842 268 33 551 982 799 323 590 202 888 720 102 603 180 848 177 855 281 203 427 88 906 198 554 790 537 161 631 741 359 313 410 147 146 31 751 628 465 69 910 814 437 71 716 358 113 353 324 318 298 70 136 926 892 786 85 315 179 689 372 283 257 54 124 456 564 747 559 993 763 861 286 757 150 781 637 884 622 62 890 423 667 404 241 593 759 828 802 887 534 591 100
3 12 13 4 5 8 9 407 800 47 22 224 186 406 312 697 421 455 843 629 825 777 645 454 50 638 84 368 179 126 881 910 355 867 430 705 344 829 593 492 681 350 250 423 212 584 693 607 342 710 144 99 53 760 548 672 37 215 659 445 807 189 861 786 596 930 275 340 640 196 585 481 352 159 148 395 228 778 338 495 474 700 952 28 198 886 761 909 756 422 98 54 950 740 20 15 327 679 696 727 519 242 876 441 365 733 639 163
3 4 12 9 8 10 11 81 930 194 658 529 720 59 697 26 967 682 748 526 604 124 595 236 493 221 777 559 172 56 556 501 429 319 86 439 476 538 188 148 449 654 373 710 959 948 734 834 755 801 256 322 881 985 572 770 847 1000 769 677 300 601 258 623 385 445 896 838 105 781 46 261 576 377 187 84 120 674 788 498 153
3 6 13 11 5 10 12 952 942 736 842 1001 387 223 979 213 667 395 638 704 354 689 938 450 841 678 357 896 850 368 526 710 554 756 290 248 488 627 813 204 391 716 337 319 624 664 886 828 34 584 94 207 706 489 908 18 733 715 454 606 682 104 867 906 615 914 837 54 242 190 696 374 582 293 909 252 666 511 861 571 402 239 200 240 577 869 245 558 229 803 64 651 694 848 879 868
3 5 9 13 12 6 7 906 502 174 972 933 327 528 665 939 1004 149 495 271 583 810 447 969 136 692 1000 16 765 919 140 207 662 255 963 332 34 512 26 47 370 522 231 525 477 354 951 737 827 586 945 112 176 980 993 989 458 186 71 987 819 449 983 635 218 736 164 444 658 17 968 615 816 925 316 313 340 288 156 226 133 978 69 132 708 549 762 455 850 236 601 395 580 35 927 657 504 590 533 172 1002 44 750 618
2 11 9 4 5 12 7 170 997 925 584 103 918 883 285 679 496 408 288 487 50 366 84 920 264 286 598 620 900 377 721 449 734 722 108 225 318 327 680 660 245 940 217 469 398 653 140 800 307 518 772 541 338 561 122 257 431 790 237 671 984 147 819 508 305 35 196 594 932 216 762 416 149 180 434 654 742 685 731 119 534 786 655 66 174 912 909 483 840 131 382 353 502 99 684 834 42 461 380 956 37 595 703 822 970 611 647 538 346 94 628 422 746 850 688 690 394 298 712 436 250 642 231 273 622 162 760 860 576 988 291 239 486 19 464 509 799 652 527 978 789 319 294 753 125 951 871 887 200 512 930 454 823 919 514 1001 961 226 521
2 6 11 9 4 12 10 618 484 571 154 454 53 603 523 295 425 761 167 377 918 996 619 555 735 710 794 833 222 435 955 875 815 486 785 362 633 697 449 956 252 960 261 213 107 245 289 617 60 541 781 711 880 431 59 900 225 901 451 522 211 570 187 757 557 398 297 267 825 561 27 821 248 131 61 122 684 385 631 892 535 967 651 925 665 170 418 884 688 530 44 390 745 581 93 409 140 661 330 174 436 392 857 151 49 641 822 866 260 306 657 998 734 142 715 370 134 624 749 475 472 129 314 850 121 952 83 329 220 876 566 89 874 713
3 5 13 10 8 6 4 720 43 277 336 847 178 357 546 694 769 552 14 895 99 920 430 631 919 468 474 487 342 288 567 147 220 135 303 859 142 612 884 661 471 421 991 674 796 105 898 20 634 50 248 239 55 608 464 800 553 611 426 585 285 574 328 397 744 509 390 630 707 556 715 696 593 396 511 398 689 709 987 494 221 409 779 826 583
3 13 9 7 4 12 5 337 303 854 176 277 334 794 591 497 928 474 178 382 188 892 860 738 194 202 915 418 753 503 790 551 126 555 828 982 201 365 269 694 286 460 871 548 898 803 492 904 989 652 46 831 695 444 530 617 127 943 1001 403 426 254 629 246 835 882 17 340 764 682 28 1003 519 185 837 48 662 534 14 822 723 260 193 911 726 799 291 181 94
2 5 11 10 6 9 4 396 420 358 1001 997 935 598 74 577 78 555 318 237 898 379 250 770 999 124 943 733 819 617 498 373 203 400 973 33 137 768 389 692 138 978 148 408 579 71 660 600 906 748 887 286 646 757 61 802 155 563 329 423 872 145 433 63 54 803 665 254 45 976 410 350 669 974 597 115 542 121 656 841 647 716 52 702 604 331 570 481 102 925 590 217 572 630 899 835 211 767 456 503 149 689 406 560 897 44 383 300 323 212 860 804 36 550 234 544 497 40 361 341 642 37 298 581 270 30 259 576 607 800
3 9 7 13 12 6 5 689 223 193 564 723 644 909 516 560 217 672 515 951 481 811 529 878 384 566 834 934 457 166 1003 32 890 116 786 694 592 282 189 568 478 448 431 613 640 522 628 433 235 371 78 991 876 104 43 528 565 801 128 879 724 270 380 313 60 923 430 480 844 683 506 493 612 772 221 494 963 744 550 830 798 972 148 925 828 250 451 135 521 889 196 999 579 185 935 680 382 437 989 20 101 952 154 387 483 219 540 29 349
2 13 5 7 9 12 10 398 811 484 340 171 790 547 400 262 333 980 391 480 523 161 671 257 228 267 543 170 34 984 178 950 669 309 745 837 29 978 153 255 579 955 615 591 721 810 189 630 779 67 741 286 747 271 498 691 532 859 334 998 134 736 445 622 726 38 152 306 573 174 585 954 207 483 162 20 823 133 206 418 885 903 633 868 508 31 224 540 404 353 894 652 180 107 735 396 64 339 610 857 604 713 232 99 752 485 56 101 939 549 727 65 399 453 895 165 583 252 15
3 11 9 4 12 5 10 102 300 631 519 917 310 104 566 476 805 195 515 960 90 967 528 692 578 35 451 304 772 919 686 378 701 562 27 913 704 157 194 19 223 20 703 322 677 292 525 881 534 742 361 560 860 685 202 160 671 365 16 74 543 923 849 337 99 510 44 56 276 347 865 418 460 358 998 101 975 231 439 316 453 366 290 697 989 246 690 521 328 137 536 278 556 355 442 210 730 474 527 717 775 162 42 800 207 548 59 356 386 857 593 623 646 176 203 323 354 298 710 526 226 479 427 866 570 470 113
3 11 9 6 7 5 13 344 989 726 747 75 514 436 331 543 591 427 982 207 100 878 541 317 855 564 761 446 335 871 333 529 181 96 179 615 378 473 377 782 251 899 724 214 416 995 236 689 960 71 262 988 115 180 567 528 63 402 763 128 391 930 963 765 318 714 582 758 343 372 991 672 135 595 846 173 863 613 254 297 289 705 854 50 188 122 275
3 11 7 9 12 5 4 983 690 795 793 625 245 374 219 129 668 88 645 252 501 801 483 449 833 174 113 478 855 277 28 123 203 894 244 350 15 599 548 195 828 993 969 829 26 814 585 229 629 278 816 785 394 413 637 172 25 455 292 197 100 526 49 762 380 897 85 52 356 787 783 963 137 961 786 693 314 218 676 627 458 296 59 878 40 819 293 899 176 467 811 879 597 389 200 410 106
2 5 6 7 12 4 11 705 677 249 277 531 459 817 163 598 857 58 971 434 979 577 433 470 116 946 374 302 612 295 755 312 296 90 195 502 868 301 344 336 189 740 970 429 463 700 339 96 449 427 735 103 925 928 471 161 534 183 347 509 390 831 587 793 77 966 541 824 498 91 519 166 275 279
3 10 7 4 6 9 12 122 275 796 106 66 721 626 348 744 39 351 900 409 991 287 555 677 885 930 422 718 21 395 268 895 332 290 798 750 600 123 197 851 61 386 627 671 605 36 715 523 860 259 852 383 848 87 53 158 887 408 623 864 23 424 793 734 1003 819 222 670 471 74 565 591 381 72 575 411 163 936 168 675 881 478 528 251 792 207 533 286 75 379 968 443 606 773 730 680 393 198 445 544 30 398 264 358 849 298 745 245 933
2 12 13 7 4 8 5 932 652 715 245 374 327 881 530 902 544 665 733 292 52 660 453 280 743 460 925 35 501 981 494 14 603 651 759 226 712 780 866 728 750 260 241 909 676 977 675 190 935 383 859 875 740 595 934 296 857 552 311 901 633 610 274 825 847 781 824 384 151 65 663 399 17 971 186 886 116 636 926 739 635 573 96 969 377 256 819 468 746 356 897 78 646 692 382 814 678 64
3 10 13 11 6 12 4 210 184 816 411 250 351 903 462 659 182 169 222 943 215 261 904 647 419 630 513 588 902 397 625 841 802 173 914 365 257 193 84 292 668 414 134 718 306 536 197 148 1001 881 318 861 259 343 208 687 275 301 217 965 71 364 408 748 758 872 673 995 829 918 73 389 303 485 743 373 298 451 895 497 719 975 105 53 490 81 991 590 480 152 685 167 212 749 37 321 49 652 418 142 684 558 166 357 256
2 6 12 10 13 5 4 261 335 574 252 332 710 73 779 559 299 623 178 168 278 284 639 468 457 540 227 211 513 872 370 285 108 26 579 371 212 621 419 139 953 917 554 508 318 245 912 343 878 288 489 272 757 768 402 488 59 774 678 165 646 989 589 316 253 90 57 367 185 697 980 995 405 561 84 859 557 951 183 946 93 837 349 303 976 256 432 354 635 890 863 610 46 691 232 443 321 788 275 918 30 891 279 526 173 209 809 684 126 441 329 408 143 919 502 516 454 403 950
3 13 4 5 8 11 6 819 380 690 870 542 915 604 79 199 557 122 402 718 392 431 580 540 495 968 961 865 802 362 908 654 699 649 263 708 447 354 893 600 87 520 38 313 144 953 325 555 885 287 356 222 605 720 317 941 503 533 364 725 820 876 867 611 371 69 907 729 524 984 368 721 104 82 326 28 535 109 44 303 425 124 829 878 840 909 219 31 665 482 355 111 860 763 658 186 113 189 925 734 180 81 788 460 130 264 114 358 900 531
2 11 13 5 7 12 8 186 102 356 486 769 929 632 42 387 592 93 34 613 480 287 334 202 795 18 994 502 554 135 915 66 328 92 901 455 783 760 78 894 55 116 784 125 739 427 749 808 594 428 975 914 798 534 704 926 218 473 380 177 390 85 77 867 283 861 25 579 533 14 489 293 836 856 838 1001 191 790 500 347 687 235 475 564 181 24 815 476 541 719 771 818 448 774 174 607 351 837 550 250 780 651 873 301 474 998 64 71 982 717 273 663 842 82 878 87 492 891 385 329 276 383 406 386 692 367 580 432 326 753 916 143 258 360
3 7 11 10 9 13 8 170 498 597 1001 162 71 650 922 369 73 841 16 611 97 459 388 394 42 935 832 887 203 250 825 475 411 128 510 558 540 482 484 808 382 813 502 994 519 664 223 165 332 233 972 593 118 317 529 460 115 75 293 940 807 259 261 765 920 105 931 982 124 759 956 62 773 917 154 950 237 824 206 182 616 845 836 698 839 443 613 326 580 466 67 941 872 906 849 226 439 925 360 642 222
3 6 10 11 13 9 4 408 412 515 391 110 566 140 821 973 780 478 195 366 819 57 948 198 340 594 209 817 446 539 43 186 578 801 583 313 102 237 674 930 436 191 727 870 423 252 654 540 729 306 518 533 338 584 350 201 41 320 947 235 956 243 112 697 379 149 246 773 875 400 925 448 555 671 704 347 390 792 263 686 90 62 443 661 733 652 328 83 190 433
2 4 11 7 6 13 5 722 694 834 627 362 257 830 204 783 420 619 459 378 838 675 569 824 453 125 32 379 811 598 535 773 387 970 559 995 154 884 853 471 860 649 537 315 188 136 592 307 955 78 444 965 557 88 832 825 898 752 264 344 225 137 903 730 528 175 457 864 111 515 374 41 160 309 280 609 628 984 960 823 816 458 721 451 90 851
2 7 13 9 12 11 8 923 641 289 693 883 850 440 864 81 333 713 827 65 802 294 291 608 565 325 182 797 776 697 698 778 166 743 211 805 391 496 542 375 932 434 576 732 36 583 281 107 343 593 248 981 366 463 304 860 503 999 224 58 263 889 430 773 636 541 857 242 101 293 356 255 276 507 382 411 687 544 143 139 305 290 87 872 368 973 962 733 349 908 158 645 920 311 68 931 746 269 361 280 861 160 757 173 631 501 308 408 169 624 849 376
3 5 7 11 6 12 8 852 216 22 163 165 122 250 284 554 779 935 350 694 610 859 596 850 142 316 791 191 355 53 623 970 37 374 680 358 141 101 462 470 712 104 435 35 38 171 459 931 479 975 285 952 395 44 271 618 303 780 927 181 943 725 86 803 146 433 438 783 46 654 68 837 760 426 606 997 590 787 924 389 356 551 584 87 542 61 562 1000 677 809 113
2 7 6 12 4 9 10 954 169 556 164 505 884 58 500 606 908 133 30 238 461 923 932 502 605 271 657 719 722 598 846 364 168 885 41 562 763 793 96 325 998 831 458 485 570 740 871 362 152 165 357 929 401 950 233 919 951 707 779 574 378 802 336 412 377 276 1001 589 691 170 477 961 841 262 57 462 64 101 90 644 439 277 114 74 634 366 745 260 343
2 12 10 13 4 11 8 485 561 871 914 326 845 54 883 143 673 171 399 218 840 19 453 266 404 783 683 852 896 304 112 574 889 530 298 855 909 375 668 810 500 66 489 862 848 423 131 977 657 674 984 199 823 191 454 847 86 986 548 122 285 806 976 825 893 374 43 195 498 310 340 147 441 907 449 387 296 15 152 193 155 618 21 258 750 535 878 698 762 446 390 748 360 233 255 440 812 160 684 229 905 539 239 264 713 985 331 168 465 612
3 9 11 10 4 8 7 572 960 497 666 978 288 374 899 353 602 769 352 336 963 657 343 422 835 812 234 819 986 690 589 501 62 580 48 102 939 591 569 479 627 714 923 462 77 716 358 475 461 660 553 833 818 180 161 894 604 319 782 688 64 721 47 784 788 972 387 160 762 570 247 107 815 421 304 679 754
3 9 8 7 4 12 10 55 691 904 657 700 128 445 436 664 698 164 186 91 284 449 414 425 51 988 588 112 319 130 383 932 677 71 79 868 84 995 409 287 685 552 770 928 305 764 387 465 583 156 157 578 796 601 163 486 682 826 180 401 895 416 959 910 827 683 162 564 641 924 204 926 20 906 931 658 124 510 501 952 763 767 483 801 630 58 165 539 857 925 151 663 987 159 626 235 781 307 507 122 982 318 488 137 984 960 169 811 73 101 429 851 406 240 466 75 185 173 23
3 9 7 10 11 6 5 907 894 76 559 668 32 545 754 517 494 640 541 435 942 780 709 154 691 702 887 428 856 618 878 956 893 411 295 163 858 179 85 935 913 122 661 223 95 573 307 1000 306 603 580 70 217 35 999 442 920 104 873 954 521 591 142 443 657 1003 451 83 962 649 166 144 391 445 436 660 593 909 60 239 236 986 974 731 90 487 546 337 724 705 637 537 230 908 198 827 141 869 202 30 361 543 350 425 786 162 821 587 102
2 6 9 7 13 11 12 780 363 496 796 407 542 431 970 439 548 565 114 957 806 340 190 675 28 140 617 181 452 186 229 855 135 354 965 296 79 678 977 940 836 492 394 153 225 755 705 739 702 767 144 84 552 562 512 643 889 612 469 935 90 590 359 375 850 845 137 327 758 312 543 379 913 852 961 151 833 896 44 508 235 550 603 176 735 839 198 943 331 447 526 88 551 535 40 549
2 7 6 13 10 4 8 369 76 28 96 716 350 232 982 851 439 659 528 953 963 600 744 824 787 646 264 792 854 282 806 103 564 760 757 196 524 302 507 464 1000 206 170 519 122 831 707 109 514 700 375 402 901 249 494 1002 44 208 261 22 686 18 490 391 581 746 689 907 881 174 774 36 950 989 503 809 14 714 137 85 33 59 960 203 231 750 347 126 165 493 976 688 875 791 346 209 967 674 534 202 603 262
3 9 4 7 10 5 13 884 392 252 803 963 561 605 756 39 177 522 480 202 414 611 758 521 827 772 455 217 568 352 325 519 995 443 982 105 768 419 636 660 205 457 433 196 136 161 981 842 777 370 466 245 537 291 600 671 154 207 804 894 32 818 702 599 961 158 152 182 188 552 634 921 305 655 829 799 699 860 448 298 925 943 689 62 348 53 851 464 178 507 625 153 384 902 179 575 307 984 383 94 400 434 606 427 560 868 425 185 748 610 718 950 635 628 374 450 909 801 493 339
2 5 9 7 6 11 12 314 206 375 765 422 829 973 702 353 949 341 289 358 660 1001 545 423 622 678 149 989 378 364 934 112 129 338 596 398 157 723 30 469 649 891 401 394 228 521 173 870 760 472 491 195 740 371 650 431 554 692 621 986 86 826 419 592 272 523 177 57 246 161 567 739 831 186 214 543 332 632 133 187 672 102 720 753 458 803 192 75 468 961 193 823 162 722 366 881 627 910 429 602 1000 776 879 655 362 712 97 628 788 479 575 430 255 833 520 552 121 172 827 52 550 218 967 915 745 411 456 174 974 597 247 711 420 253
3 11 9 10 6 7 5 63 844 597 918 112 375 867 321 627 940 270 295 177 106 958 389 105 547 656 446 879 384 484 563 588 415 499 849 888 442 875 518 636 840 929 506 932 259 626 577 115 783 939 398 980 258 675 737 236 533 469 199 710 336 121 987 834 123 286 718 945 778 668 480 512 120 64 846 402 157 537 478 937 606 431 775 276 144 443 282 825 203 200 377 102 155 725 734 188 143 738 441 676 406 51 430 823 116 90 870 653 970 992 635 589 80 661 948 229 117 877 519 801 77
2 10 13 6 11 9 4 336 21 797 924 270 224 405 848 594 108 39 148 808 346 942 376 563 988 638 534 989 668 542 432 370 105 60 463 268 946 35 168 576 311 599 894 40 152 562 185 87 595 805 193 438 132 649 20 393 286 283 419 661 31 287 773 602 548 921 779 566 960 179 177 915 632 381 506 284 375 391 523 269 213 860 846 657 571 332 922 331 749 906 433 351 982 447 727 278 430 221 361 441 874 518 59 121 693 704 531 857 504 256 814 235 315 630 967 891 991
2 9 10 8 12 5 4 706 521 180 375 636 383 942 201 215 329 580 947 831 51 779 83 207 867 630 33 159 197 631 615 485 978 431 646 982 244 176 405 510 266 390 331 294 223 772 67 846 590 261 328 482 351 649 857 672 891 802 58 61 181 818 230 243 549 367 956 169 574 989 326 182 629 427 69 465 334 435 99 217 491 995 499 443 126 973
3 10 12 6 9 11 8 397 941 559 238 213 825 975 494 940 426 262 697 189 847 390 70 268 348 467 844 1002 506 447 720 409 208 177 828 358 543 903 214 450 625 569 702 873 222 616 614 628 254 429 860 353 159 36 305 549 266 350 504 564 368 102 267 71 410 162 667 362 190 379 988 344 338 75 552 236 677 938 408 337 791 612 485 464 141 99 964 203 857 639 457 84 892 372 116 328 276 286 452 220 652 672 743 711 405 927 406 649 837 374 728 258 224 859 210 385 973 557 371
3 7 5 12 9 4 11 521 718 698 184 816 984 238 139 414 755 995 909 19 558 155 32 626 535 229 171 223 198 973 730 773 616 993 451 393 687 934 458 690 407 774 419 559 966 997 622 1004 105 517 318 659 700 480 287 156 932 904 903 639 106 864 568 989 926 443 830 575 607 693 556 540 648 33
2 6 4 7 8 12 11 404 484 797 536 240 28 907 308 263 418 693 597 192 809 19 91 284 488 115 529 401 774 824 45 980 395 309 112 534 446 344 277 848 750 299 983 709 894 817 332 555 305 447 749 587 183 574 785 440 602 37 477 310 436 253 527 921 35 564 207 53 312 236 815 92 25 367 696 736 998 935 730 757 671 434 270 388 245 307 629 561 433 576 57 880 707 800 455 400 386
2 8 7 9 5 11 12 892 357 364 701 453 498 350 18 43 694 785 646 150 554 938 276 700 292 359 356 652 163 858 894 107 486 39 262 936 589 542 560 949 606 319 135 991 789 352 82 534 161 597 620 651 120 584 317 998 618 759 59 408 29 143 190 552 326 559 779 372 601 399 53 750 568 805 842 313 777 526 877 127 88 923 680 151 883 67 840 155 812 955 328 719 490 984 394 948 325 237 857 332 523 849 753 234 695 463 477 722 969 537 343 720 431 395 567 195 471 773 765 716 102 531 333 717 682
2  69 786 162 965 73 256 927 234 849 783 758 30 350 591 947 224 982 364 132 300 741 797 150 179 522 277 906 916 835 670 309 814 38 637 882 181 511 963 217 853 774 247 165 152 485 187 231 101 589 489 647 928 970 54 638 39 362 770 925 291 931 875 780 943 493 229 123 240 971 989 154 923 233 253 352 717 610 672 74 952 839 295 186 573 976 580 781 878 897 96 693 572 732 385 462 346 545 854 158 483 809
3 6 818 946 798 685 672 161 359 935 956 545 889 697 338 244 552 835 595 563 663 438 381 301 725 375 529 621 546 413 306 54 847 777 322 618 487 515 892 729 248 617 323 752 542 57 873 653 327 71 122 726 48 337 635 709 939 866 47 588 339 382 592 183 152 707 439 812 751 691 392 581 634 553 746 466 1004 425 688 148 97 807 504 321 561 734 582 998 865 677 642 238 784 987 830
2 5 698 801 655 977 813 583 204 419 22 286 23 799 643 571 147 702 595 644 77 552 961 822 333 217 480 213 348 478 871 671 180 332 920 853 914 162 533 695 154 722 514 965 942 232 817 759 743 493 132 855 390 874 944 562 652 26 787 907 93 802 325 444 374 518 636 851 463 691 707 635 718
3 8 477 284 331 40 627 136 942 893 828 533 502 926 261 629 542 195 894 557 695 728 902 968 185 501 364 521 448 450 1003 623 667 320 285 616 102 651 996 42 376 710 475 100 247 569 300 918 296 324 897 911 423 395 152 445 344 798 956 520 726 709 244 954 981 172 708 220 805 30 940 36 484 841 644 978 652 958 859 587 704 485 415 493 681 832 692 877 431 328 668 596 659 862 767 538 311 735 874 661 1004 512 351 76 976 928 61 505 361 408
2 4 65 576 204 267 928 227 692 15 172 130 534 429 855 684 551 450 594 752 617 782 946 791 111 670 672 845 107 858 149 675 648 191 133 886 875 908 685 307 271 279 286 746 342 543 968 900 127 798 880 582 460 515 251 553 445 596 983 792 324 48 427 833 57 989 243 241 763 312 988 202 861 923 393 237 532 535 506 924 311 590 356 614 895 488 423 951 852 68 960 134 376 161 333 518 54 440 913 860 418 892 687 754 811 789 787 898
3 13 425 770 432 189 753 830 846 423 201 197 277 718 939 558 903 711 227 726 413 1003 470 98 362 211 742 51 894 199 604 366 94 982 249 591 791 901 595 733 478 798 708 203 699 772 386 897 273 906 487 704 243 348 224 674 945 269 518 534 621 295 883 115 562 810 127 766 626 588 232 843 217 210 498 529 223 377 676 48 720 979
3 13 91 236 250 592 315 263 842 678 562 184 991 572 262 94 936 862 19 304 854 487 257 360 413 273 130 24 392 229 784 399 636 231 853 124 533 100 836 98 462 975 264 333 887 884 986 922 93 230 774 574 332 534 465 932 857 698 942 796 992 492 311 501 279 869 944 147 740 205 509 224 656 50 61 135 334 821 350 159 187 877 728 373 293 730 67
2 11 821 881 888 218 346 724 700 345 179 950 628 892 978 580 879 990 495 885 194 407 839 533 996 733 482 215 988 230 698 198 656 326 834 336 155 90 403 726 574 289 869 450 864 14 443 751 332 506 335 430 968 526 675 517 570 386 466 91 428 984 251 78 635 921 292 1002 109 743 380 805 75 519 707 598 30 792
3 7 705 871 244 838 498 521 49 933 129 776 312 92 923 944 695 950 496 403 500 581 713 161 851 812 41 392 407 390 780 815 725 654 587 715 347 288 31 832 441 293 655 320 661 290 215 569 420 582 80 609 591 934 355 784 128 764 473 894 300 309 198 547 146 916 993 381 508 406 394 691 184 426 760 224 596 467 261 17 835 517 956 384 673 75 692 315 688 972 74 676 728 19 830 71 878 720 283 117 277 598 564 753 824 509 153 821 732 528 912 857 252 847 577 914 664
3 4 962 15 794 359 768 347 902 516 656 41 883 861 451 726 320 748 565 961 538 597 398 906 66 120 903 645 882 159 373 891 531 799 380 195 17 324 923 86 179 138 151 455 390 745 862 295 893 836 492 490 449 132 270 999 111 275 234 585 387 662 668 966 649 386 147 333 553 623 661 790 236 470 326 408 622 35 569 335 485 249 498 374 705 641 559 409 876 929 318 877 826 837 450 315 524 180 150 664 350 400 457 997 464 690 478 630 666 576 418 394 944 1001 660 279 672 886 423 584 756
3 6 410 220 850 381 225 75 185 519 123 430 581 760 715 494 920 552 129 400 690 319 835 167 485 887 735 380 472 293 201 728 517 537 65 733 205 584 747 483 441 354 986 550 43 307 577 682 877 722 829 486 745 993 248 48 61 775 391 62 93 942 969 653 866 557 426 455 711 769 608 764 917 420 165 871 118 997 182 355 981 679 909 860 724 659 408 553 610 859 664 826 891 853 727
2 7 276 665 613 552 894 165 909 539 61 644 749 521 497 729 831 602 30 598 120 638 648 628 283 307 472 543 914 345 443 267 282 214 466 228 339 33 609 695 545 168 664 195 448 1000 249 680 200 553 421 901 919 730 625 457 907 498 645 791 219 377 921 102 633 327 509 872 934 937 317 362 272 861 896 46 47 141 912 526 973 115 139 821 304 254 406 378 836 987 388 722 978 117 201 975 186 773 604 624 817 922 618 293 136 154 529 322
2 7 32 310 42 338 470 18 93 249 735 404 53 894 719 431 522 557 600 869 723 592 211 694 352 414 280 917 289 616 16 37 830 232 169 902 258 434 716 682 527 191 111 188 887 235 618 507 353 415 629 514 962 862 85 803 648 264 884 374 17 129 503 877 731 820 378 71 943 816 991 335 546 699 903 185 370 536 863 475 497 776 149 870 197 339 30 787 174 665 299 793 645 248 637 554 518 861 150 729 552 24 445 587 644 463 94 847 436 652 255 585
2 11 425 913 912 46 390 766 643 108 365 261 146 194 524 106 937 277 145 714 130 171 575 28 796 204 207 291 31 164 303 61 503 856 201 725 224 439 112 756 489 400 656 527 412 445 960 384 685 842 94 307 369 187 780 835 627 644 178 538 435 393 647 553 317 79 295 86 53 568 447 388 283 232 16 95 433 743 733 299 865 316 304 542 484 908 399 74 678 83 374 376 690 972 361 39 727 734 184 989 660 705
3 6 127 821 407 73 433 688 277 662 165 775 48 746 474 461 383 651 878 986 496 40 940 306 570 643 49 811 249 460 213 390 691 155 339 970 573 305 626 710 668 428 28 389 766 417 894 698 879 810 605 659 451 931 252 798 329 912 136 95 751 482 635 170 743 872 207 69 257 987 633 843 372 457 836 363 857 341 660 689 216 67 716 161 942 731 733 378 720 263 194 920 181 123 725 680 869 285 286 762 958 580 238 471 740 778 717 354 526 250 883 713 405 859 387
2 5 852 781 83 287 505 140 814 654 313 630 640 977 176 928 477 246 327 695 411 958 719 522 922 538 705 465 242 415 460 845 578 431 101 468 718 711 912 95 254 721 676 410 586 154 181 353 406 981 293 471 213 115 779 160 70 826 605 43 264 808 37 638 359 851 917 71 20 485 552 801 197 727 816 89 905 831 126
2 4 131 424 269 57 195 750 179 385 840 643 910 900 847 537 495 129 963 601 831 376 784 685 939 789 209 126 475 192 659 610 970 292 361 903 711 405 40 954 491 828 926 58 872 262 67 294 448 943 520 719 420 971 409 453 204 90 876 354 754 749 45 133 148 736 721 72 188 535 529 518 146 175 282 680 670 112 60 822 790 826 693 251 937 677 991 812 410 346 74 687 348 927 404 694 894 452 763 775 941 308 226 603 745 408 350 707 515 363 297 944
2 13 298 770 977 228 424 819 113 595 604 333 949 969 83 764 784 431 539 388 169 826 925 69 870 580 59 23 175 672 934 411 729 53 366 177 655 957 74 575 154 689 164 130 792 892 994 611 46 77 903 779 646 901 787 358 233 447 501 697 441 19 392 691 696 179 823 443 622 355 110 504 378 1000 695 230 325 512 222 491 540 286 446 952 702 319 238 652 190 234 259 217 560 827 684
2 12 187 730 235 100 126 842 403 688 254 787 888 444 476 22 809 858 312 874 722 584 121 582 460 383 289 821 167 551 568 605 57 97 77 771 222 543 306 669 139 211 706 696 847 679 653 195 132 837 601 562 600 979 439 992 942 249 227 995 693 797 60 978 500 869 720 225 127 959 498 152 216 226 387 369 973 752 33 813 695 318 265 647 731 890 961 665 90 683 248 737
3 8 645 857 122 503 70 866 258 597 733 924 231 325 593 914 171 660 643 30 614 445 469 811 196 267 123 690 223 895 384 677 598 444 496 464 599 368 250 413 642 719 949 61 436 45 925 381 673 396 305 362 132 777 100 374 236 995 652 639 584 596 260 42 97 277 996 792 514 249 779 354 226 841 901 435 753 53
3 7 1003 893 33 853 23 279 319 891 623 30 433 858 823 46 411 421 885 756 610 437 378 181 976 637 688 731 372 606 155 304 465 498 704 501 785 966 344 531 69 27 207 396 124 946 424 645 589 392 451 353 368 371 494 226 84 627 484 612 952 435 907 855 994 524 253 750 229 231 535 676 926 554 351 245 282 569 620 673 454 954 866 799 732 422 28 838 203 793 863 600 621 312 776 516 387 213 571 604 636 813 533 121 263 29 399 457 134 546 608 393 780 552 193 790 417 248 401 712 410 482 176 538 365 514 247 425 854 981 585 792 157 291 189 847 828 20 551 481 849 298 354
2 4 426 104 54 623 282 452 954 324 613 538 117 246 407 118 824 807 488 844 388 474 736 891 378 47 712 502 351 133 790 722 576 657 57 980 825 817 444 530 398 194 199 775 789 868 639 485 53 808 684 699 221 382 962 926 634 93 321 368 103 720 358 158 217 518 866 131 717 299 273 326 405 184 191 801 51 928 756 757 227 331 125 597 256 853 242 338 120 827 434 913 510 477 149 793 788 528 490 430 334 911 659 19 18 200 721 631 583 106 470 311 585 85 448 667 988
2 13 413 252 22 901 888 264 822 83 430 276 456 560 250 172 920 106 448 178 145 377 724 125 107 638 418 16 204 715 432 732 857 154 613 144 49 332 263 831 564 546 308 422 243 140 890 573 885 429 181 343 847 1001 210 965 130 442 748 599 281 626 240 260 410 17 943 859 657 71 790 544 601 292 786 725 495 403 918 462 328 662 161 621 970 849 138 389 212
3 10 100 917 581 55 807 440 122 137 368 717 82 424 980 88 762 970 750 457 387 649 690 404 278 575 722 563 896 991 419 522 778 855 571 309 715 953 156 610 246 639 706 591 285 989 421 555 377 223 21 863 39 603 43 572 525 61 829 468 206 738 822 875 115 410 814 380 370 712 562 508 521 966 442 979 330 616 301 846 604 856 164 237 454 304 383 667 152 730 767 283 703 353 645 430 444 990 983 976 389 658 972 803 150 167 789 181 978 940 346 697 637 961 596 564 227 902 503 179 271 745 197 56 528 910 982 65 98 391
3 4 766 311 516 345 192 997 481 419 151 58 457 48 936 98 483 606 140 513 948 785 154 904 95 694 641 988 887 147 648 720 106 322 949 731 737 367 277 761 26 171 880 777 319 410 489 328 35 134 659 829 362 450 193 931 838 414 667 250 342 826 493 61 576 618 790 579 930 510 593 551 834 89 139 318 943 555 257 112 187 90 833 923 464 302 294 488 127 293 730 540 475 262 172 468 905 951 543 324 332 255 714 704 83 775 796 624 920 253 304 723 693 125
2 5 625 42 746 950 293 444 550 333 622 899 570 155 310 220 654 292 540 989 747 723 849 559 745 242 751 445 401 277 697 984 494 486 808 914 788 680 138 75 353 196 301 317 580 806 826 658 825 646 995 790 60 126 800 125 245 731 363 588 718 510 702 282 421 371 927 166 408 933 502 191
2 9 241 669 670 977 398 332 801 331 802 29 216 235 919 746 412 223 896 517 842 131 270 349 177 634 616 971 560 552 565 847 686 883 665 749 655 433 804 318 116 322 667 566 23 402 415 148 861 834 795 638 845 540 543 668 423 221 61 506 564 685 675 821 329 186 629 118 962 179 47 603 101 740 730 474 661 392 35 339 64 835 170 989 547 767 427 580 92 212 134 1004 14 448 691 688 321 578 633 983 701 151 966 104 351 631 649 972 347 359 596 872 714 274
3 5 866 771 765 188 472 440 185 30 270 419 980 133 751 910 335 777 190 307 908 891 284 464 395 938 890 876 716 242 916 275 434 849 594 231 131 239 372 645 843 837 514 812 748 930 599 155 875 977 368 364 851 616 545 701 606 37 823 460 944 721 995 641 192 114 369 271 412 821 85 568 308 17 266 762 862 549 325 455 680 573 261 181 148 435 883 129 793 447 712 458 469 204 867 347 644 813 249 819 564 110 709 734 973 781 84 530 572 690 629 471 912 561 805 576 807 350 73 28 214 602 998 297 211 978 503 651 93 763 899 132 1000 198 663
2 12 281 968 570 190 787 298 729 180 615 913 111 860 706 164 192 580 825 597 815 511 568 669 367 953 117 149 90 138 816 414 362 95 487 606 449 539 928 789 809 555 214 667 633 972 140 909 116 833 148 123 45 295 334 422 387 863 786 267 317 948 685 182 617 577 969 283 886 800 493 89 175 794 739 460 363 122 976 761 756 868 408 806 393 115 52 930 466 854 862 110 335 788 728 237 188 319 70 329 661
3 13 356 267 863 255 419 873 57 409 908 403 668 788 205 969 922 683 961 407 86 352 83 779 925 303 957 401 463 473 676 638 216 189 702 567 48 332 532 495 108 467 215 887 471 187 477 715 753 29 913 737 452 312 716 90 484 155 331 920 752 898 783 482 116 967 935 954 253 274 879 928 806 52 984 149 658 722 72 592 107 720 98 667 824 624 558 450 840 281 728 946 862 981 803 122 780 34 53 73 372 627 105 241 542 251 643 212 32 714 17 727
2 13 243 915 489 464 639 605 312 699 246 230 843 398 120 221 766 955 419 43 755 725 236 676 729 143 863 415 88 263 54 160 332 957 87 713 1000 728 942 124 50 416 681 839 125 838 145 336 820 767 597 183 499 758 756 830 546 612 990 953 42 27 634 856 826 853 81 326 799 374 920 267 215 813 29 122 864 165 220 899 254 959 807 574 317 116 958 161 102 399 770 622 86 368 823 283 794 993 818 994 604 253 367 213 540 654 847 19 833 765 875 26 800 309 154 662 752
2 12 50 387 1003 167 119 521 584 1001 282 124 72 729 330 898 185 101 304 602 762 917 684 572 855 187 212 642 816 295 918 835 452 581 398 718 913 542 142 940 354 655 146 153 29 556 461 942 481 613 45 579 841 383 516 815 486 511 834 524 538 999 657 558 176 407 371 705 251 226 565 589 191 161 363 981 232 905 60 89 508 676 404 136 832 980 426 217 464 359 357 549 935 648 945 92 163 190 829 652 88 494 960 291 953 314 574 400 983 820 779 845 624 475 610 638 1002 269 819 690 580
3 6 34 212 612 1002 350 633 900 207 122 144 184 907 256 31 239 632 681 68 204 243 546 738 378 205 436 443 29 678 715 298 208 120 248 247 21 946 995 893 262 155 232 635 389 230 526 86 511 835 253 111 574 347 329 152 172 131 601 100 978 216 339 533 901 667 203 746 588 690 825 102 252 431 767 924 45 41 875 496 619 108 341 604 577 158 992 116 467 98 727 770 36 659 181 213 916 759 828
3 13 745 623 996 962 663 915 956 27 995 749 941 82 752 87 393 576 123 292 270 127 955 376 69 997 109 760 364 719 493 510 531 592 23 402 186 479 380 827 682 67 341 975 301 142 336 466 363 80 618 75 647 816 445 801 481 541 374 415 939 335 828 138 25 862 779 287 851 728 390 620 253 140 61 157 876 632 412 42
2 9 910 33 580 747 178 599 164 304 479 48 605 745 712 437 507 374 827 360 654 46 137 604 983 351 381 136 688 476 923 570 407 87 67 309 792 291 934 785 959 784 879 125 241 799 172 234 710 203 697 998 581 139 345 294 271 439 117 709 29 961 927 772 963 527 380 867 307 475 977
3 10 751 575 458 574 454 590 21 522 341 405 945 768 540 731 559 115 856 896 495 473 595 724 622 191 261 409 24 277 407 828 779 525 226 323 776 216 385 769 688 713 535 463 605 715 556 625 692 893 82 866 679 545 60 66 30 742 748 253 790 58 239 173 464 815 615 475 804 219 966 987 829 446 246 354 230 773 920 505 53 345 123 67 582 132 279 784
3 10 372 637 477 81 294 427 338 237 422 250 386 430 242 508 612 146 839 205 279 277 928 104 595 470 837 894 725 733 74 498 743 941 91 832 466 101 206 903 112 318 543 481 491 765 381 974 918 260 471 800 90 644 996 537 451 618 706 884 573 898 219 742 804 415 995 559 825 547 769 126 943 169 326 115 407 207 499 885 60 536 398 20 469 391 150 95 608 990 746 569 953 426 653 902 880 895 641 87
3 9 930 374 568 44 463 871 326 788 650 771 339 823 229 966 529 437 1003 733 386 212 810 367 318 523 1004 322 960 673 109 880 865 37 220 794 144 702 403 107 923 184 472 754 483 337 297 330 120 735 390 697 439 604 736 504 186 193 849 488 316 654 912 235 82 423 578 26 846 836 149 664 21 554 405 347 588 237 137 102 282 776 348 714 194 317 907 759 260 945 974 259 797 60 278 300 263 630 93 166 665 991 30 545 928 913 293 132 143 726 385 209 805
3 9 460 614 910 25 239 617 457 691 353 20 183 784 139 327 530 336 753 173 659 863 782 115 107 966 78 284 75 645 63 886 860 945 960 445 703 828 855 372 796 447 837 664 908 434 531 555 729 313 918 410 985 510 368 237 934 835 907 721 125 354 118 43 45 942 858 711 582 289 404 320 441 88 412 681 764 142 884 980 200 303 545 244 610 483 175 775 914 254 538 356 926 956 268 964 329 129 133 520 517 543 165 526 724 560 613 308
3 5 875 858 507 608 747 600 701 959 38 385 88 96 169 941 238 594 290 384 764 340 832 37 430 232 236 133 661 682 128 33 125 71 363 956 352 927 545 76 992 22 838 566 103 721 414 293 443 829 134 980 1002 890 769 972 776 688 230 912 910 306 834 297 945 224 617 763 298 449 613 826 961 823 333 109 256 411 251 478 694 939 43 222 802 951 250 479 948 438 909 836 515 782 610 291 195 902 64 804 815 884 527 241 253 21 555 727 817 191 371 997 324 346 851 509 665 329 284 964 89 577
2 5 856 766 621 651 730 670 623 339 363 952 97 948 67 711 857 673 466 247 579 983 260 485 939 182 88 529 515 173 788 169 389 317 984 615 592 647 532 335 451 834 165 342 209 439 635 943 982 284 225 752 483 492 422 537 729 830 155 452 274 540 98 658 976 278 553 252 739 853 133 109 474 625 1001 915 764 509 356 31 226 353 695 662 424 456 224 460 582 115 631 380
3 13 130 608 722 721 419 320 202 530 280 982 157 237 120 112 60 470 592 814 974 842 164 205 519 169 102 238 740 542 805 710 49 736 891 300 637 618 351 180 361 159 458 692 391 699 350 376 162 851 941 511 29 383 108 623 585 841 179 725 405 170 928 248 44 868 155 298 20 635 917 53 921 81 411 249 379 695 333 427 884 442 619 140 380 552 355 19 220 802 88 341 718 540 942 461 517 370 337 340 855 895 456 299 537 513 551 30 15 52 664 494 957 934 1004 704 535 959 737 824 174 582 911 555 548 671 214 56
3 11 1004 750 470 770 25 841 695 539 702 700 573 403 279 862 944 998 867 516 883 485 534 384 762 66 833 658 763 86 488 783 47 872 791 543 662 672 600 787 392 32 865 356 123 235 286 446 315 858 747 336 150 220 801 988 127 329 825 92 212 328 287 266 617 140 781 93 673 427 443 879 945 504 133 156
3 5 386 489 593 298 409 51 901 684 438 637 58 823 393 535 964 607 20 556 550 211 581 511 953 64 198 206 448 916 669 306 553 55 734 518 500 79 229 71 733 713 845 277 269 700 522 715 402 47 852 626 812 106 610 411 690 617 192 840 200 459 40 271 663 435 517 292 835
3 11 497 899 185 875 722 968 328 752 378 152 334 646 860 818 67 318 822 110 136 602 543 914 588 850 877 537 426 299 522 202 424 800 876 618 643 416 64 935 54 174 75 402 440 811 436 33 988 333 371 954 841 394 399 771 541 790 442 926 682 909 851 833 738 236 615 978 145 711 762 159 367 710 785 464 100 523 58 535 910 740 925 246
3 5 76 827 17 70 753 799 734 763 546 624 563 52 214 182 666 561 386 228 154 788 714 149 778 405 722 304 139 308 84 970 143 720 671 205 786 230 129 408 690 572 746 520 419 818 874 760 134 48 717 883 607 705 831 122 67 904 599 976 754 481 37 503 896 920 962 413 227 241 861 662 642 306 899 764 446 562 903 891 40 169 447 324 530 187 713 590 476 716 468 311 320 220 938 639 119 113 679 805 124 993 701 400 318 246 359 892 950
3 13 555 425 893 778 483 714 565 46 910 148 320 234 296 486 829 416 964 911 768 774 812 407 551 537 633 112 200 485 404 804 351 847 406 659 301 782 248 398 984 488 314 184 973 446 322 275 766 790 562 171 762 23 107 77 859 819 439 147 321 534 91 941 799 244 117 141 401 905 682 712 417 183 196 514 299 241 524 618 881 611 584 405 427 934 654 676 374 835 607
2 8 260 902 614 718 794 898 558 335 368 391 687 90 896 947 261 427 507 530 881 805 482 195 527 361 592 617 208 927 879 626 887 600 911 700 179 693 187 832 632 205 54 670 200 789 278 544 159 392 403 215 695 772 173 501 26 787 72 24 437 586 512 300 393 572 439 689 355 726 936 290 735 144 619 136 479 797 213 580 338 744 292 149 946 345 812 961 804 523 843 140 189 831 395 758 436
3 13 280 46 872 187 292 425 791 915 534 937 695 583 565 322 519 381 716 940 522 424 40 286 929 542 163 56 171 865 167 467 165 436 626 668 277 430 472 365 177 98 158 627 416 198 202 743 304 852 878 49 63 986 356 895 251 652 268 346 785 279 606 595 533 274 805 919 688 433 596 185 335 371 391 933 70 306 834 136 889 135 307 741 151 650 931 978 152 393 35 703 961 130 677 774 947 809 968 111 581 551 143 663 552 510 957 964 50 350 357 674 296
3 12 776 451 875 105 24 449 849 250 362 902 125 158 401 917 651 779 288 53 405 433 671 118 254 467 793 115 667 478 82 973 555 858 34 752 471 409 114 735 484 676 303 900 214 521 550 738 607 72 547 540 648 561 333 800 395 123 683 392 525 933 630 743 209 604 98 855 485 995 83 55 379 815 429 465 237 833 497 195 662 149 893 569 577 483 688 236 29 673 64 489 171 660 45 510 345 468 279 390 257 427
3 7 280 647 480 874 274 466 396 817 129 674 608 676 504 953 580 451 639 678 43 461 827 844 623 556 386 33 395 700 788 165 982 508 267 841 80 535 459 44 609 979 139 277 517 579 355 795 515 701 544 305 783 808 179 977 655 814 494 666 839 455 996 413 260 294 221 209 208 530 266 232 437 591 897 887 372 681 658 862 818 149 311 590 941 667 411 845 403 584 522 603 856 742 575 585 497 135 242 957 62 969 283 307 371 414 847 157 744 121 196 460 898 936 470 444 804 194 582 273 235 539 926 607 741 597
2 9 344 52 757 547 197 746 203 552 768 247 29 148 41 211 503 413 550 610 568 863 807 833 39 215 71 136 640 510 574 984 95 387 891 868 19 562 469 331 199 185 695 936 771 929 859 563 407 279 678 408 483 901 224 225 118 824 514 223 838 874 777 990
3 5 453 824 79 816 609 735 268 644 739 985 980 97 706 894 419 973 955 619 387 776 349 133 449 748 983 358 762 575 818 670 563 261 925 320 71 595 899 114 803 400 647 25 345 186 485 22 456 386 773 916 673 806 846 630 796 834 360 892 86 329 135
2 4 603 286 150 211 456 140 952 762 151 732 499 765 246 668 69 992 883 177 25 260 444 534 213 240 819 719 655 146 282 119 472 392 601 388 529 717 168 180 761 343 399 125 549 722 506 579 220 595 634 454 509 445 429 508 610 292 359 365 976 696 922 785 692 495 865 877 783 109 479 378 637 276 753 138 701
2 7 293 255 663 552 724 161 310 703 290 530 434 701 705 421 509 157 550 898 615 1003 813 557 862 254 449 283 914 88 268 216 64 901 214 981 640 745 651 823 165 477 487 308 52 568 975 395 305 401 269 275 23 778 894 333 163 949 481 864 518 425 907 946 490 71 638 545 883 353 504 963 750 948 908 351 33 619 825 148 408 241 641 113 548 984 185 657 259 104 515 606 769 46 346 451 476 452 622 770 226
3 6 948 406 666 361 444 936 536 362 284 768 168 282 987 645 346 65 199 584 225 886 555 39 632 383 759 161 945 331 174 136 593 572 410 339 516 322 127 603 430 961 756 811 474 262 431 409 312 452 59 37 829 280 500 862 185 450 845 620 338 425 745 357 871 533
3 5 82 697 731 767 520 713 47 254 728 969 146 343 116 1002 650 123 498 971 619 525 906 224 464 341 796 380 235 484 566 841 540 529 332 975 159 452 150 904 671 608 526 610 401 640 522 646 81 483 693 921 301 932 388 415 353 273 76 194 306 802 226 44 863 376 851 888 85 154 929 739 20 509 480 230 277 476 43 736 613 422 192 470 837 364 892 105 160
3 6 145 144 796 306 742 108 231 160 122 403 495 201 934 846 953 574 869 139 728 330 16 331 67 399 278 908 445 117 474 300 614 753 367 376 835 871 964 431 86 845 592 242 95 408 131 600 909 842 268 33 551 982 799 323 590 202 888 720 102 603 180 848 177 855 281 203 427 88 906 198 554 790 537 161 631 741 359 313 410 147 146 31 751 628 465 69 910 814 437 71 716 358 113 353 324 318 298 70 136 926 892 786 85 315 179 689 372 283 257 54 124 456 564 747 559 993 763 861 286 757 150 781 637 884 622 62 890 423 667 404 241 593 759 828 802 887 534 591 100
3 9 407 800 47 22 224 186 406 312 697 421 455 843 629 825 777 645 454 50 638 84 368 179 126 881 910 355 867 430 705 344 829 593 492 681 350 250 423 212 584 693 607 342 710 144 99 53 760 548 672 37 215 659 445 807 189 861 786 596 930 275 340 640 196 585 481 352 159 148 395 228 778 338 495 474 700 952 28 198 886 761 909 756 422 98 54 950 740 20 15 327 679 696 727 519 242 876 441 365 733 639 163
3 13 81 930 194 658 529 720 59 697 26 967 682 748 526 604 124 595 236 493 221 777 559 172 56 556 501 429 319 86 439 476 538 188 148 449 654 373 710 959 948 734 834 755 801 256 322 881 985 572 770 847 1000 769 677 300 601 258 623 385 445 896 838 105 781 46 261 576 377 187 84 120 674 788 498 153
3 9 952 942 736 842 1001 387 223 979 213 667 395 638 704 354 689 938 450 841 678 357 896 850 368 526 710 554 756 290 248 488 627 813 204 391 716 337 319 624 664 886 828 34 584 94 207 706 489 908 18 733 715 454 606 682 104 867 906 615 914 837 54 242 190 696 374 582 293 909 252 666 511 861 571 402 239 200 240 577 869 245 558 229 803 64 651 694 848 879 868
3 8 906 502 174 972 933 327 528 665 939 1004 149 495 271 583 810 447 969 136 692 1000 16 765 919 140 207 662 255 963 332 34 512 26 47 370 522 231 525 477 354 951 737 827 586 945 112 176 980 993 989 458 186 71 987 819 449 983 635 218 736 164 444 658 17 968 615 816 925 316 313 340 288 156 226 133 978 69 132 708 549 762 455 850 236 601 395 580 35 927 657 504 590 533 172 1002 44 750 618
2 12 170 997 925 584 103 918 883 285 679 496 408 288 487 50 366 84 920 264 286 598 620 900 377 721 449 734 722 108 225 318 327 680 660 245 940 217 469 398 653 140 800 307 518 772 541 338 561 122 257 431 790 237 671 984 147 819 508 305 35 196 594 932 216 762 416 149 180 434 654 742 685 731 119 534 786 655 66 174 912 909 483 840 131 382 353 502 99 684 834 42 461 380 956 37 595 703 822 970 611 647 538 346 94 628 422 746 850 688 690 394 298 712 436 250 642 231 273 622 162 760 860 576 988 291 239 486 19 464 509 799 652 527 978 789 319 294 753 125 951 871 887 200 512 930 454 823 919 514 1001 961 226 521
2 7 618 484 571 154 454 53 603 523 295 425 761 167 377 918 996 619 555 735 710 794 833 222 435 955 875 815 486 785 362 633 697 449 956 252 960 261 213 107 245 289 617 60 541 781 711 880 431 59 900 225 901 451 522 211 570 187 757 557 398 297 267 825 561 27 821 248 131 61 122 684 385 631 892 535 967 651 925 665 170 418 884 688 530 44 390 745 581 93 409 140 661 330 174 436 392 857 151 49 641 822 866 260 306 657 998 734 142 715 370 134 624 749 475 472 129 314 850 121 952 83 329 220 876 566 89 874 713
3 4 720 43 277 336 847 178 357 546 694 769 552 14 895 99 920 430 631 919 468 474 487 342 288 567 147 220 135 303 859 142 612 884 661 471 421 991 674 796 105 898 20 634 50 248 239 55 608 464 800 553 611 426 585 285 574 328 397 744 509 390 630 707 556 715 696 593 396 511 398 689 709 987 494 221 409 779 826 583
3 13 337 303 854 176 277 334 794 591 497 928 474 178 382 188 892 860 738 194 202 915 418 753 503 790 551 126 555 828 982 201 365 269 694 286 460 871 548 898 803 492 904 989 652 46 831 695 444 530 617 127 943 1001 403 426 254 629 246 835 882 17 340 764 682 28 1003 519 185 837 48 662 534 14 822 723 260 193 911 726 799 291 181 94
2 6 396 420 358 1001 997 935 598 74 577 78 555 318 237 898 379 250 770 999 124 943 733 819 617 498 373 203 400 973 33 137 768 389 692 138 978 148 408 579 71 660 600 906 748 887 286 646 757 61 802 155 563 329 423 872 145 433 63 54 803 665 254 45 976 410 350 669 974 597 115 542 121 656 841 647 716 52 702 604 331 570 481 102 925 590 217 572 630 899 835 211 767 456 503 149 689 406 560 897 44 383 300 323 212 860 804 36 550 234 544 497 40 361 341 642 37 298 581 270 30 259 576 607 800
3 4 689 223 193 564 723 644 909 516 560 217 672 515 951 481 811 529 878 384 566 834 934 457 166 1003 32 890 116 786 694 592 282 189 568 478 448 431 613 640 522 628 433 235 371 78 991 876 104 43 528 565 801 128 879 724 270 380 313 60 923 430 480 844 683 506 493 612 772 221 494 963 744 550 830 798 972 148 925 828 250 451 135 521 889 196 999 579 185 935 680 382 437 989 20 101 952 154 387 483 219 540 29 349
2 6 398 811 484 340 171 790 547 400 262 333 980 391 480 523 161 671 257 228 267 543 170 34 984 178 950 669 309 745 837 29 978 153 255 579 955 615 591 721 810 189 630 779 67 741 286 747 271 498 691 532 859 334 998 134 736 445 622 726 38 152 306 573 174 585 954 207 483 162 20 823 133 206 418 885 903 633 868 508 31 224 540 404 353 894 652 180 107 735 396 64 339 610 857 604 713 232 99 752 485 56 101 939 549 727 65 399 453 895 165 583 252 15
3 7 102 300 631 519 917 310 104 566 476 805 195 515 960 90 967 528 692 578 35 451 304 772 919 686 378 701 562 27 913 704 157 194 19 223 20 703 322 677 292 525 881 534 742 361 560 860 685 202 160 671 365 16 74 543 923 849 337 99 510 44 56 276 347 865 418 460 358 998 101 975 231 439 316 453 366 290 697 989 246 690 521 328 137 536 278 556 355 442 210 730 474 527 717 775 162 42 800 207 548 59 356 386 857 593 623 646 176 203 323 354 298 710 526 226 479 427 866 570 470 113
3 5 344 989 726 747 75 514 436 331 543 591 427 982 207 100 878 541 317 855 564 761 446 335 871 333 529 181 96 179 615 378 473 377 782 251 899 724 214 416 995 236 689 960 71 262 988 115 180 567 528 63 402 763 128 391 930 963 765 318 714 582 758 343 372 991 672 135 595 846 173 863 613 254 297 289 705 854 50 188 122 275
3 12 983 690 795 793 625 245 374 219 129 668 88 645 252 501 801 483 449 833 174 113 478 855 277 28 123 203 894 244 350 15 599 548 195 828 993 969 829 26 814 585 229 629 278 816 785 394 413 637 172 25 455 292 197 100 526 49 762 380 897 85 52 356 787 783 963 137 961 786 693 314 218 676 627 458 296 59 878 40 819 293 899 176 467 811 879 597 389 200 410 106
2 12 705 677 249 277 531 459 817 163 598 857 58 971 434 979 577 433 470 116 946 374 302 612 295 755 312 296 90 195 502 868 301 344 336 189 740 970 429 463 700 339 96 449 427 735 103 925 928 471 161 534 183 347 509 390 831 587 793 77 966 541 824 498 91 519 166 275 279
3 4 122 275 796 106 66 721 626 348 744 39 351 900 409 991 287 555 677 885 930 422 718 21 395 268 895 332 290 798 750 600 123 197 851 61 386 627 671 605 36 715 523 860 259 852 383 848 87 53 158 887 408 623 864 23 424 793 734 1003 819 222 670 471 74 565 591 381 72 575 411 163 936 168 675 881 478 528 251 792 207 533 286 75 379 968 443 606 773 730 680 393 198 445 544 30 398 264 358 849 298 745 245 933
2 4 932 652 715 245 374 327 881 530 902 544 665 733 292 52 660 453 280 743 460 925 35 501 981 494 14 603 651 759 226 712 780 866 728 750 260 241 909 676 977 675 190 935 383 859 875 740 595 934 296 857 552 311 901 633 610 274 825 847 781 824 384 151 65 663 399 17 971 186 886 116 636 926 739 635 573 96 969 377 256 819 468 746 356 897 78 646 692 382 814 678 64
3 7 210 184 816 411 250 351 903 462 659 182 169 222 943 215 261 904 647 419 630 513 588 902 397 625 841 802 173 914 365 257 193 84 292 668 414 134 718 306 536 197 148 1001 881 318 861 259 343 208 687 275 301 217 965 71 364 408 748 758 872 673 995 829 918 73 389 303 485 743 373 298 451 895 497 719 975 105 53 490 81 991 590 480 152 685 167 212 749 37 321 49 652 418 142 684 558 166 357 256
2 8 261 335 574 252 332 710 73 779 559 299 623 178 168 278 284 639 468 457 540 227 211 513 872 370 285 108 26 579 371 212 621 419 139 953 917 554 508 318 245 912 343 878 288 489 272 757 768 402 488 59 774 678 165 646 989 589 316 253 90 57 367 185 697 980 995 405 561 84 859 557 951 183 946 93 837 349 303 976 256 432 354 635 890 863 610 46 691 232 443 321 788 275 918 30 891 279 526 173 209 809 684 126 441 329 408 143 919 502 516 454 403 950
3 10 819 380 690 870 542 915 604 79 199 557 122 402 718 392 431 580 540 495 968 961 865 802 362 908 654 699 649 263 708 447 354 893 600 87 520 38 313 144 953 325 555 885 287 356 222 605 720 317 941 503 533 364 725 820 876 867 611 371 69 907 729 524 984 368 721 104 82 326 28 535 109 44 303 425 124 829 878 840 909 219 31 665 482 355 111 860 763 658 186 113 189 925 734 180 81 788 460 130 264 114 358 900 531
2 11 186 102 356 486 769 929 632 42 387 592 93 34 613 480 287 334 202 795 18 994 502 554 135 915 66 328 92 901 455 783 760 78 894 55 116 784 125 739 427 749 808 594 428 975 914 798 534 704 926 218 473 380 177 390 85 77 867 283 861 25 579 533 14 489 293 836 856 838 1001 191 790 500 347 687 235 475 564 181 24 815 476 541 719 771 818 448 774 174 607 351 837 550 250 780 651 873 301 474 998 64 71 982 717 273 663 842 82 878 87 492 891 385 329 276 383 406 386 692 367 580 432 326 753 916 143 258 360
3 10 170 498 597 1001 162 71 650 922 369 73 841 16 611 97 459 388 394 42 935 832 887 203 250 825 475 411 128 510 558 540 482 484 808 382 813 502 994 519 664 223 165 332 233 972 593 118 317 529 460 115 75 293 940 807 259 261 765 920 105 931 982 124 759 956 62 773 917 154 950 237 824 206 182 616 845 836 698 839 443 613 326 580 466 67 941 872 906 849 226 439 925 360 642 222
3 5 408 412 515 391 110 566 140 821 973 780 478 195 366 819 57 948 198 340 594 209 817 446 539 43 186 578 801 583 313 102 237 674 930 436 191 727 870 423 252 654 540 729 306 518 533 338 584 350 201 41 320 947 235 956 243 112 697 379 149 246 773 875 400 925 448 555 671 704 347 390 792 263 686 90 62 443 661 733 652 328 83 190 433
2 13 722 694 834 627 362 257 830 204 783 420 619 459 378 838 675 569 824 453 125 32 379 811 598 535 773 387 970 559 995 154 884 853 471 860 649 537 315 188 136 592 307 955 78 444 965 557 88 832 825 898 752 264 344 225 137 903 730 528 175 457 864 111 515 374 41 160 309 280 609 628 984 960 823 816 458 721 451 90 851
2 6 923 641 289 693 883 850 440 864 81 333 713 827 65 802 294 291 608 565 325 182 797 776 697 698 778 166 743 211 805 391 496 542 375 932 434 576 732 36 583 281 107 343 593 248 981 366 463 304 860 503 999 224 58 263 889 430 773 636 541 857 242 101 293 356 255 276 507 382 411 687 544 143 139 305 290 87 872 368 973 962 733 349 908 158 645 920 311 68 931 746 269 361 280 861 160 757 173 631 501 308 408 169 624 849 376
3 12 852 216 22 163 165 122 250 284 554 779 935 350 694 610 859 596 850 142 316 791 191 355 53 623 970 37 374 680 358 141 101 462 470 712 104 435 35 38 171 459 931 479 975 285 952 395 44 271 618 303 780 927 181 943 725 86 803 146 433 438 783 46 654 68 837 760 426 606 997 590 787 924 389 356 551 584 87 542 61 562 1000 677 809 113
2 11 954 169 556 164 505 884 58 500 606 908 133 30 238 461 923 932 502 605 271 657 719 722 598 846 364 168 885 41 562 763 793 96 325 998 831 458 485 570 740 871 362 152 165 357 929 401 950 233 919 951 707 779 574 378 802 336 412 377 276 1001 589 691 170 477 961 841 262 57 462 64 101 90 644 439 277 114 74 634 366 745 260 343
2 10 485 561 871 914 326 845 54 883 143 673 171 399 218 840 19 453 266 404 783 683 852 896 304 112 574 889 530 298 855 909 375 668 810 500 66 489 862 848 423 131 977 657 674 984 199 823 191 454 847 86 986 548 122 285 806 976 825 893 374 43 195 498 310 340 147 441 907 449 387 296 15 152 193 155 618 21 258 750 535 878 698 762 446 390 748 360 233 255 440 812 160 684 229 905 539 239 264 713 985 331 168 465 612
3 13 572 960 497 666 978 288 374 899 353 602 769 352 336 963 657 343 422 835 812 234 819 986 690 589 501 62 580 48 102 939 591 569 479 627 714 923 462 77 716 358 475 461 660 553 833 818 180 161 894 604 319 782 688 64 721 47 784 788 972 387 160 762 570 247 107 815 421 304 679 754
3 4 55 691 904 657 700 128 445 436 664 698 164 186 91 284 449 414 425 51 988 588 112 319 130 383 932 677 71 79 868 84 995 409 287 685 552 770 928 305 764 387 465 583 156 157 578 796 601 163 486 682 826 180 401 895 416 959 910 827 683 162 564 641 924 204 926 20 906 931 658 124 510 501 952 763 767 483 801 630 58 165 539 857 925 151 663 987 159 626 235 781 307 507 122 982 318 488 137 984 960 169 811 73 101 429 851 406 240 466 75 185 173 23
3 6 907 894 76 559 668 32 545 754 517 494 640 541 435 942 780 709 154 691 702 887 428 856 618 878 956 893 411 295 163 858 179 85 935 913 122 661 223 95 573 307 1000 306 603 580 70 217 35 999 442 920 104 873 954 521 591 142 443 657 1003 451 83 962 649 166 144 391 445 436 660 593 909 60 239 236 986 974 731 90 487 546 337 724 705 637 537 230 908 198 827 141 869 202 30 361 543 350 425 786 162 821 587 102
2 10 780 363 496 796 407 542 431 970 439 548 565 114 957 806 340 190 675 28 140 617 181 452 186 229 855 135 354 965 296 79 678 977 940 836 492 394 153 225 755 705 739 702 767 144 84 552 562 512 643 889 612 469 935 90 590 359 375 850 845 137 327 758 312 543 379 913 852 961 151 833 896 44 508 235 550 603 176 735 839 198 943 331 447 526 88 551 535 40 549
2 12 369 76 28 96 716 350 232 982 851 439 659 528 953 963 600 744 824 787 646 264 792 854 282 806 103 564 760 757 196 524 302 507 464 1000 206 170 519 122 831 707 109 514 700 375 402 901 249 494 1002 44 208 261 22 686 18 490 391 581 746 689 907 881 174 774 36 950 989 503 809 14 714 137 85 33 59 960 203 231 750 347 126 165 493 976 688 875 791 346 209 967 674 534 202 603 262
3 9 884 392 252 803 963 561 605 756 39 177 522 480 202 414 611 758 521 827 772 455 217 568 352 325 519 995 443 982 105 768 419 636 660 205 457 433 196 136 161 981 842 777 370 466 245 537 291 600 671 154 207 804 894 32 818 702 599 961 158 152 182 188 552 634 921 305 655 829 799 699 860 448 298 925 943 689 62 348 53 851 464 178 507 625 153 384 902 179 575 307 984 383 94 400 434 606 427 560 868 425 185 748 610 718 950 635 628 374 450 909 801 493 339
2 6 314 206 375 765 422 829 973 702 353 949 341 289 358 660 1001 545 423 622 678 149 989 378 364 934 112 129 338 596 398 157 723 30 469 649 891 401 394 228 521 173 870 760 472 491 195 740 371 650 431 554 692 621 986 86 826 419 592 272 523 177 57 246 161 567 739 831 186 214 543 332 632 133 187 672 102 720 753 458 803 192 75 468 961 193 823 162 722 366 881 627 910 429 602 1000 776 879 655 362 712 97 628 788 479 575 430 255 833 520 552 121 172 827 52 550 218 967 915 745 411 456 174 974 597 247 711 420 253
3 5 63 844 597 918 112 375 867 321 627 940 270 295 177 106 958 389 105 547 656 446 879 384 484 563 588 415 499 849 888 442 875 518 636 840 929 506 932 259 626 577 115 783 939 398 980 258 675 737 236 533 469 199 710 336 121 987 834 123 286 718 945 778 668 480 512 120 64 846 402 157 537 478 937 606 431 775 276 144 443 282 825 203 200 377 102 155 725 734 188 143 738 441 676 406 51 430 823 116 90 870 653 970 992 635 589 80 661 948 229 117 877 519 801 77
2 6 336 21 797 924 270 224 405 848 594 108 39 148 808 346 942 376 563 988 638 534 989 668 542 432 370 105 60 463 268 946 35 168 576 311 599 894 40 152 562 185 87 595 805 193 438 132 649 20 393 286 283 419 661 31 287 773 602 548 921 779 566 960 179 177 915 632 381 506 284 375 391 523 269 213 860 846 657 571 332 922 331 749 906 433 351 982 447 727 278 430 221 361 441 874 518 59 121 693 704 531 857 504 256 814 235 315 630 967 891 991
2 7 706 521 180 375 636 383 942 201 215 329 580 947 831 51 779 83 207 867 630 33 159 197 631 615 485 978 431 646 982 244 176 405 510 266 390 331 294 223 772 67 846 590 261 328 482 351 649 857 672 891 802 58 61 181 818 230 243 549 367 956 169 574 989 326 182 629 427 69 465 334 435 99 217 491 995 499 443 126 973
3 6 397 941 559 238 213 825 975 494 940 426 262 697 189 847 390 70 268 348 467 844 1002 506 447 720 409 208 177 828 358 543 903 214 450 625 569 702 873 222 616 614 628 254 429 860 353 159 36 305 549 266 350 504 564 368 102 267 71 410 162 667 362 190 379 988 344 338 75 552 236 677 938 408 337 791 612 485 464 141 99 964 203 857 639 457 84 892 372 116 328 276 286 452 220 652 672 743 711 405 927 406 649 837 374 728 258 224 859 210 385 973 557 371
3 5 521 718 698 184 816 984 238 139 414 755 995 909 19 558 155 32 626 535 229 171 223 198 973 730 773 616 993 451 393 687 934 458 690 407 774 419 559 966 997 622 1004 105 517 318 659 700 480 287 156 932 904 903 639 106 864 568 989 926 443 830 575 607 693 556 540 648 33
2 11 404 484 797 536 240 28 907 308 263 418 693 597 192 809 19 91 284 488 115 529 401 774 824 45 980 395 309 112 534 446 344 277 848 750 299 983 709 894 817 332 555 305 447 749 587 183 574 785 440 602 37 477 310 436 253 527 921 35 564 207 53 312 236 815 92 25 367 696 736 998 935 730 757 671 434 270 388 245 307 629 561 433 576 57 880 707 800 455 400 386
2 5 892 357 364 701 453 498 350 18 43 694 785 646 150 554 938 276 700 292 359 356 652 163 858 894 107 486 39 262 936 589 542 560 949 606 319 135 991 789 352 82 534 161 597 620 651 120 584 317 998 618 759 59 408 29 143 190 552 326 559 779 372 601 399 53 750 568 805 842 313 777 526 877 127 88 923 680 151 883 67 840 155 812 955 328 719 490 984 394 948 325 237 857 332 523 849 753 234 695 463 477 722 969 537 343 720 431 395 567 195 471 773 765 716 102 531 333 717 682
2  69 786 162 965 73 256 927 234 849 783 758 30 350 591 947 224 982 364 132 300 741 797 150 179 522 277 906 916 835 670 309 814 38 637 882 181 511 963 217 853 774 247 165 152 485 187 231 101 589 489 647 928 970 54 638 39 362 770 925 291 931 875 780 943 493 229 123 240 971 989 154 923 233 253 352 717 610 672 74 952 839 295 186 573 976 580 781 878 897 96 693 572 732 385 462 346 545 854 158 483 809
